,Date,Open,High,Low,Close,Volume,Chg,% Chg,Adj. Close,Trade Val,# Trades
1,08/04/17,20.15,20.30,20.05,20.20,97426,0.15,0.75%,20.20,1.97m,801
2,08/03/17,20.40,20.45,19.90,20.05,93310,-0.359993,-1.76%,20.05,1.88m,799
3,08/02/17,20.65,20.65,20.40,20.55,107448,-0.099319,-0.48%,20.41,2.21m,1020
4,08/01/17,20.90,20.90,20.55,20.65,104861,-0.148978,-0.72%,20.5093,2.17m,1024
5,07/31/17,20.80,20.85,20.45,20.80,133415,-0.049659,-0.24%,20.6583,2.76m,1211
6,07/28/17,20.50,21.30,20.50,20.85,191026,0.496594,2.46%,20.7079,3.99m,1556
7,07/27/17,20.50,20.65,20.225,20.35,167377,-0.099319,-0.49%,20.2114,3.42m,1610
8,07/26/17,20.70,20.75,20.35,20.45,236569,-0.248297,-1.21%,20.3107,4.85m,1834
9,07/25/17,20.85,20.95,20.40,20.70,137895,0.099319,0.49%,20.559,2.86m,1336
10,07/24/17,20.60,20.70,20.30,20.60,231905,0.00,0.00%,20.4597,4.75m,1791
11,07/21/17,20.70,20.70,20.40,20.60,184085,0.00,0.00%,20.4597,3.79m,1332
12,07/20/17,20.50,20.675,20.45,20.60,162312,0.099318,0.49%,20.4597,3.34m,1366
13,07/19/17,20.40,20.60,20.30,20.50,241143,0.099319,0.49%,20.3603,4.93m,1507
14,07/18/17,20.25,20.45,20.15,20.40,181982,0.148978,0.74%,20.261,3.7m,1619
15,07/17/17,20.15,20.30,19.90,20.25,206666,0.148978,0.75%,20.112,4.17m,2547
16,07/14/17,20.00,20.40,19.75,20.10,225362,-0.099318,-0.50%,19.9631,4.52m,1792
17,07/13/17,19.85,20.20,19.75,20.20,239318,0.297956,1.51%,20.0624,4.79m,1731
18,07/12/17,19.70,20.10,19.70,19.90,89720,0.248296,1.27%,19.7644,1.78m,902
19,07/11/17,19.70,19.80,19.50,19.65,165702,0.00,0.00%,19.5161,3.26m,1526
20,07/10/17,19.80,19.925,19.55,19.65,190934,-0.297956,-1.50%,19.5161,3.76m,1283
21,07/07/17,19.65,20.00,19.50,19.95,135182,0.347616,1.79%,19.8141,2.68m,1236
22,07/06/17,19.75,19.90,19.50,19.60,112947,-0.198638,-1.01%,19.4665,2.22m,984
23,07/05/17,20.10,20.15,19.50,19.80,107002,-0.297956,-1.49%,19.6651,2.12m,1014
24,06/30/17,19.90,19.90,19.45,19.60,97420,-0.198638,-1.01%,19.4665,1.91m,853
25,06/29/17,19.85,19.90,19.45,19.80,169092,0.198638,1.02%,19.6651,3.33m,1485
26,06/28/17,19.50,19.80,19.50,19.60,189586,0.198637,1.03%,19.4665,3.72m,1559
27,06/27/17,19.45,19.70,19.30,19.40,265699,-0.049659,-0.26%,19.2678,5.17m,2200
28,06/26/17,19.30,19.75,19.25,19.45,230215,0.248297,1.30%,19.3175,4.47m,1861
29,06/23/17,19.40,19.55,19.175,19.20,225414,-0.148978,-0.78%,19.0692,4.34m,1304
30,06/22/17,19.35,19.50,19.325,19.35,75845,0.00,0.00%,19.2182,1.47m,811
31,06/21/17,19.85,19.85,19.30,19.35,109015,-0.446935,-2.27%,19.2182,2.12m,929
32,06/20/17,20.00,20.00,19.75,19.80,98011,-0.248296,-1.25%,19.6651,1.95m,924
33,06/19/17,20.50,20.55,20.00,20.05,134286,-0.297956,-1.47%,19.9134,2.7m,1310
34,06/16/17,20.35,20.40,20.075,20.35,275861,-0.148979,-0.73%,20.2114,5.59m,1626
35,06/15/17,20.50,20.70,20.325,20.50,145570,-0.248296,-1.20%,20.3603,2.99m,1524
36,06/14/17,20.70,20.80,20.25,20.75,267958,0.00,0.00%,20.6086,5.51m,2511
37,06/13/17,20.80,20.85,20.40,20.75,231582,0.00,0.00%,20.6086,4.79m,1788
38,06/12/17,21.00,21.40,20.65,20.75,191542,-0.297956,-1.43%,20.6086,4.01m,1960
39,06/09/17,19.75,21.05,19.75,21.05,375258,1.3905,7.12%,20.9066,7.71m,3080
40,06/08/17,19.40,19.8125,19.15,19.65,215349,0.297957,1.55%,19.5161,4.23m,2012
41,06/07/17,19.35,19.40,19.20,19.35,225160,0.099318,0.52%,19.2182,4.35m,2220
42,06/06/17,19.25,19.50,19.10,19.25,216348,-0.148978,-0.77%,19.1188,4.18m,2078
43,06/05/17,19.50,19.70,19.40,19.40,137927,-0.049659,-0.26%,19.2678,2.69m,1515
44,06/02/17,19.35,19.7642,19.35,19.45,176741,0.049659,0.26%,19.3175,3.46m,1397
45,06/01/17,19.10,19.45,19.00,19.40,169896,0.397275,2.11%,19.2678,3.27m,1352
46,05/31/17,19.35,19.35,18.85,19.00,124257,-0.248297,-1.30%,18.8706,2.36m,1027
47,05/30/17,19.30,19.40,19.15,19.25,100990,-0.148978,-0.77%,19.1188,1.94m,986
48,05/26/17,19.20,19.55,19.20,19.40,122937,0.04966,0.26%,19.2678,2.39m,1082
49,05/25/17,19.50,19.65,19.20,19.35,198736,-0.099319,-0.51%,19.2182,3.85m,2321
50,05/24/17,19.90,20.00,19.40,19.45,218433,-0.446934,-2.26%,19.3175,4.28m,2064
51,05/23/17,19.95,20.075,19.80,19.90,114120,-0.04966,-0.25%,19.7644,2.27m,1286
52,05/22/17,19.80,20.0192,19.75,19.95,118547,0.198638,1.01%,19.8141,2.36m,1043
53,05/19/17,19.85,20.10,19.70,19.75,231117,-0.099319,-0.50%,19.6154,4.59m,1811
54,05/18/17,19.75,20.05,19.60,19.85,165440,0.049659,0.25%,19.7148,3.28m,1556
55,05/17/17,20.00,20.10,19.80,19.80,222360,-0.546252,-2.70%,19.6651,4.43m,1781
56,05/16/17,20.50,20.50,20.00,20.35,147858,-0.148979,-0.73%,20.2114,2.99m,1274
57,05/15/17,20.25,20.675,20.20,20.50,223525,0.397275,1.99%,20.3603,4.58m,2006
58,05/12/17,20.10,20.15,19.8307,20.10,150003,-0.049659,-0.25%,19.9631,3m,1293
59,05/11/17,20.35,20.35,20.05,20.15,112085,-0.248297,-1.23%,20.0127,2.26m,1083
60,05/10/17,20.35,20.55,20.25,20.40,135051,0.04966,0.25%,20.261,2.76m,1296
61,05/09/17,20.30,20.60,20.15,20.35,337634,0.69523,3.56%,20.2114,6.88m,3076
62,05/08/17,19.45,19.75,19.45,19.65,146308,0.148978,0.77%,19.5161,2.87m,1307
63,05/05/17,19.50,19.60,19.375,19.50,89506,0.04966,0.26%,19.3671,1.74m,850
64,05/04/17,19.50,19.75,19.35,19.45,156956,0.139047,0.73%,19.3175,3.06m,1385
65,05/03/17,19.35,19.65,19.325,19.45,161539,0.00,0.00%,19.1784,3.14m,1589
66,05/02/17,19.50,19.55,19.05,19.45,290701,0.00,0.00%,19.1784,5.63m,2279
67,05/01/17,19.50,19.65,19.30,19.45,333088,0.00,0.00%,19.1784,6.49m,2553
68,04/28/17,20.20,20.30,19.45,19.45,249311,-0.739528,-3.71%,19.1784,4.92m,2017
69,04/27/17,20.85,21.40,19.85,20.20,205641,-1.0846,-5.16%,19.918,4.18m,1694
70,04/26/17,20.95,21.40,20.85,21.30,171397,0.345114,1.67%,21.0026,3.64m,1515
71,04/25/17,21.10,21.30,20.85,20.95,131733,0.098604,0.48%,20.6575,2.78m,1328
72,04/24/17,20.70,21.05,20.65,20.85,131954,0.493019,2.46%,20.5589,2.75m,1342
73,04/21/17,20.25,20.475,20.15,20.35,110249,0.049301,0.25%,20.0659,2.24m,950
74,04/20/17,20.15,20.325,20.05,20.30,200617,0.295812,1.50%,20.0166,4.05m,1221
75,04/19/17,19.95,20.25,19.90,20.00,82478,0.147906,0.76%,19.7208,1.65m,826
76,04/18/17,20.00,20.10,19.70,19.85,167624,-0.197208,-1.00%,19.5729,3.33m,1495
77,04/17/17,19.65,20.05,19.6249,20.05,118814,0.443718,2.30%,19.7701,2.36m,1109
78,04/13/17,20.05,20.05,19.55,19.60,172800,-0.443718,-2.24%,19.3263,3.4m,1399
79,04/12/17,20.30,20.30,19.85,20.05,103680,-0.295811,-1.47%,19.7701,2.08m,1016
80,04/11/17,19.95,20.35,19.85,20.35,176757,0.345113,1.75%,20.0659,3.57m,1492
81,04/10/17,20.15,20.30,19.90,20.00,143459,-0.147905,-0.74%,19.7208,2.88m,1468
82,04/07/17,20.20,20.35,20.05,20.15,444962,-0.098605,-0.49%,19.8687,8.97m,1505
83,04/06/17,20.05,20.35,19.95,20.25,133846,0.147907,0.75%,19.9673,2.7m,1141
84,04/05/17,20.40,20.45,19.95,20.10,254757,-0.098604,-0.50%,19.8194,5.14m,2134
85,04/04/17,19.90,20.30,19.90,20.20,137864,0.295811,1.51%,19.918,2.78m,1174
86,04/03/17,20.30,20.35,19.90,19.90,126339,-0.394416,-1.97%,19.6222,2.53m,1220
87,03/31/17,20.30,20.50,20.20,20.30,191327,0.00,0.00%,20.0166,3.89m,1382
88,03/30/17,19.95,20.425,19.75,20.30,185112,0.345114,1.75%,20.0166,3.76m,1640
89,03/29/17,19.85,20.00,19.75,19.95,188300,0.049302,0.25%,19.6715,3.74m,1122
90,03/28/17,19.70,20.025,19.60,19.90,142767,0.147905,0.76%,19.6222,2.84m,1291
91,03/27/17,19.50,19.85,19.35,19.75,127682,-0.049302,-0.25%,19.4743,2.51m,1009
92,03/24/17,19.80,20.05,19.65,19.80,216642,0.049302,0.25%,19.5236,4.29m,1415
93,03/23/17,19.60,20.075,19.60,19.75,101894,0.147907,0.77%,19.4743,2.03m,1052
94,03/22/17,19.65,19.80,19.35,19.60,143641,-0.049302,-0.25%,19.3263,2.81m,1267
95,03/21/17,20.70,20.70,19.65,19.65,161918,-0.936736,-4.61%,19.3756,3.22m,1428
96,03/20/17,20.95,20.95,20.575,20.60,147956,-0.394416,-1.90%,20.3124,3.06m,1241
97,03/17/17,20.65,21.10,20.45,21.00,332632,0.197207,0.96%,20.7068,6.93m,1344
98,03/16/17,20.55,20.8623,20.55,20.80,115625,0.295812,1.46%,20.5096,2.4m,1167
99,03/15/17,20.75,20.90,20.45,20.50,158779,-0.197207,-0.97%,20.2138,3.28m,1554
100,03/14/17,20.65,20.85,20.55,20.70,149250,-0.049303,-0.24%,20.411,3.09m,1365
101,03/13/17,20.90,21.05,20.70,20.75,129592,-0.147905,-0.72%,20.4603,2.7m,1242
102,03/10/17,21.30,21.30,20.80,20.90,84523,-0.197207,-0.95%,20.6082,1.77m,1037
103,03/09/17,21.25,21.50,21.00,21.10,82166,-0.098604,-0.47%,20.8054,1.75m,856
104,03/08/17,21.55,21.65,21.20,21.20,94349,-0.24651,-1.17%,20.904,2.01m,966
105,03/07/17,21.45,21.75,21.35,21.45,149497,-0.049302,-0.23%,21.1505,3.22m,1176
106,03/06/17,21.60,21.70,21.25,21.50,142112,-0.197207,-0.92%,21.1998,3.05m,1158
107,03/03/17,21.80,22.00,21.60,21.70,163126,-0.098605,-0.46%,21.397,3.55m,1164
108,03/02/17,22.00,22.00,21.75,21.80,149555,-0.246509,-1.13%,21.4956,3.27m,1410
109,03/01/17,21.60,22.10,21.60,22.05,195111,0.542321,2.56%,21.7421,4.28m,1744
110,02/28/17,21.60,21.675,21.30,21.50,119742,-0.197207,-0.92%,21.1998,2.58m,1167
111,02/27/17,21.70,21.85,21.55,21.70,118219,-0.049303,-0.23%,21.397,2.56m,1020
112,02/24/17,21.85,21.90,21.65,21.75,177518,-0.295811,-1.36%,21.4463,3.86m,1513
113,02/23/17,21.80,22.10,21.15,22.05,131528,0.246509,1.15%,21.7421,2.87m,1252
114,02/22/17,21.75,21.90,21.65,21.80,90231,-0.049301,-0.23%,21.4956,1.97m,866
115,02/21/17,21.85,21.95,21.60,21.85,126185,0.147906,0.69%,21.5449,2.75m,1154
116,02/17/17,21.75,21.75,21.45,21.70,319202,-0.049303,-0.23%,21.397,6.91m,1482
117,02/16/17,21.80,21.80,21.35,21.75,151160,0.00,0.00%,21.4463,3.27m,1440
118,02/15/17,21.70,21.95,21.40,21.75,164573,0.098605,0.46%,21.4463,3.58m,1771
119,02/14/17,21.50,21.75,21.25,21.65,213553,0.098603,0.46%,21.3477,4.61m,1919
120,02/13/17,21.25,21.60,21.10,21.55,216889,0.542321,2.62%,21.2491,4.64m,1993
121,02/10/17,21.00,21.15,20.75,21.00,179798,0.147906,0.72%,20.7068,3.77m,1537
122,02/09/17,20.65,20.95,20.50,20.85,128656,0.24651,1.21%,20.5589,2.68m,1069
123,02/08/17,20.60,20.80,20.45,20.60,149811,0.00,0.00%,20.3124,3.09m,1214
124,02/07/17,20.60,20.925,20.40,20.60,244026,0.098603,0.49%,20.3124,5.03m,1796
125,02/06/17,20.95,21.05,20.45,20.50,178625,-0.591622,-2.84%,20.2138,3.7m,1705
126,02/03/17,20.85,21.25,20.75,21.10,173713,0.394415,1.93%,20.8054,3.66m,1607
127,02/02/17,21.00,21.05,20.50,20.70,188996,-0.453573,-2.17%,20.411,3.93m,1526
128,02/01/17,21.50,21.80,21.15,21.30,199909,-0.097956,-0.47%,20.8646,4.28m,2067
129,01/31/17,21.20,21.525,20.85,21.40,211641,0.146933,0.71%,20.9625,4.5m,1952
130,01/30/17,21.85,21.90,21.10,21.25,218051,-0.685689,-3.19%,20.8156,4.66m,1707
131,01/27/17,21.00,22.475,20.725,21.95,253008,1.2244,6.04%,21.5013,5.56m,2170
132,01/26/17,20.65,20.75,20.50,20.70,144388,0.097956,0.49%,20.2768,2.98m,1229
133,01/25/17,20.80,20.80,20.45,20.60,160395,0.00,0.00%,20.1789,3.3m,1513
134,01/24/17,20.20,20.60,20.10,20.60,138862,0.391823,1.98%,20.1789,2.83m,1382
135,01/23/17,20.35,20.40,20.00,20.20,86047,-0.195912,-0.98%,19.787,1.74m,1002
136,01/20/17,20.00,20.475,20.00,20.40,147172,0.342845,1.75%,19.983,2.99m,1192
137,01/19/17,20.15,20.2474,19.90,20.05,115770,-0.048978,-0.25%,19.6401,2.32m,925
138,01/18/17,19.90,20.10,19.65,20.10,125447,0.293867,1.52%,19.6891,2.51m,1045
139,01/17/17,20.05,20.05,19.65,19.80,132607,-0.342845,-1.74%,19.3952,2.63m,1090
140,01/13/17,20.15,20.40,20.05,20.15,124115,0.146934,0.75%,19.7381,2.51m,862
141,01/12/17,20.25,20.25,19.751,20.00,124111,-0.293867,-1.48%,19.5911,2.48m,1057
142,01/11/17,20.25,20.35,20.00,20.30,200042,0.097956,0.50%,19.885,4.04m,1460
143,01/10/17,20.00,20.25,19.85,20.20,166888,0.244888,1.25%,19.787,3.36m,1254
144,01/09/17,20.30,20.30,19.80,19.95,133245,-0.4408,-2.21%,19.5422,2.66m,1074
145,01/06/17,20.45,20.55,20.25,20.40,156912,0.048978,0.25%,19.983,3.21m,1444
146,01/05/17,20.45,20.50,20.20,20.35,123206,-0.146934,-0.73%,19.934,2.51m,1064
147,01/04/17,20.50,20.65,20.30,20.50,196937,0.00,0.00%,20.0809,4.03m,1671
148,01/03/17,20.35,20.50,20.05,20.50,184540,0.391823,1.99%,20.0809,3.76m,1523
149,12/30/16,20.20,20.3696,19.00,20.10,107265,-0.097955,-0.50%,19.6891,2.16m,900
150,12/29/16,20.20,20.35,20.05,20.20,64482,0.048977,0.25%,19.787,1.3m,638
1,12/28/16,20.25,20.25,20.00,20.15,80851,-0.048977,-0.25%,19.7381,1.63m,686
2,12/27/16,20.00,20.30,19.65,20.20,74653,0.342844,1.76%,19.787,1.5m,623
3,12/23/16,20.05,20.10,19.775,19.85,152016,-0.195911,-1.00%,19.4442,3.03m,1296
4,12/22/16,20.10,20.25,19.75,20.05,235361,-0.048978,-0.25%,19.6401,4.7m,2142
5,12/21/16,20.10,20.30,19.95,20.10,177383,-0.146934,-0.74%,19.6891,3.57m,1541
6,12/20/16,20.00,20.45,19.6457,20.25,171664,0.24489,1.25%,19.836,3.47m,1489
7,12/19/16,19.65,20.00,19.325,20.00,176471,0.4408,2.30%,19.5911,3.5m,1568
8,12/16/16,19.80,19.80,19.425,19.55,687274,-0.195911,-1.01%,19.1503,13.47m,1791
9,12/15/16,19.55,19.90,19.50,19.75,127930,0.146933,0.77%,19.3462,2.53m,1012
10,12/14/16,19.60,19.7999,19.30,19.60,199359,-0.048978,-0.25%,19.1993,3.9m,1741
11,12/13/16,19.95,20.00,19.60,19.65,187882,-0.244888,-1.26%,19.2483,3.71m,1717
12,12/12/16,19.65,19.90,19.45,19.90,200056,0.195911,1.02%,19.4932,3.95m,1735
13,12/09/16,19.40,19.70,19.30,19.70,103202,0.391822,2.07%,19.2973,2.02m,1078
14,12/08/16,18.80,19.40,18.75,19.30,193245,0.489779,2.66%,18.9054,3.71m,1684
15,12/07/16,18.40,18.90,18.40,18.80,216946,0.342845,1.90%,18.4157,4.06m,1567
16,12/06/16,18.85,18.90,18.00,18.45,316420,-1.0285,-5.38%,18.0728,5.79m,2509
17,12/05/16,18.80,19.50,18.75,19.50,213615,0.734669,4.00%,19.1014,4.11m,1510
18,12/02/16,18.75,18.80,18.60,18.75,104206,-0.048978,-0.27%,18.3667,1.95m,907
19,12/01/16,18.70,19.00,18.60,18.80,274313,0.097956,0.53%,18.4157,5.16m,970
20,11/30/16,18.90,19.05,18.65,18.70,101061,-0.048978,-0.27%,18.3177,1.9m,1010
21,11/29/16,18.85,19.00,18.70,18.75,164145,0.00,0.00%,18.3667,3.09m,1313
22,11/28/16,19.00,19.15,18.70,18.75,109873,-0.391823,-2.09%,18.3667,2.08m,807
23,11/23/16,18.90,19.20,18.90,18.95,103543,0.146933,0.80%,18.5626,1.97m,859
24,11/22/16,18.90,19.0206,18.80,18.80,141932,0.048978,0.27%,18.4157,2.68m,1282
25,11/21/16,18.80,18.90,18.60,18.75,104190,0.097955,0.54%,18.3667,1.96m,892
26,11/18/16,18.60,19.15,18.55,18.65,200132,0.048979,0.27%,18.2687,3.74m,1133
27,11/17/16,18.85,19.20,18.55,18.60,187023,-0.146934,-0.80%,18.2198,3.52m,1294
28,11/16/16,18.65,18.80,18.45,18.75,102905,0.195911,1.08%,18.3667,1.92m,832
29,11/15/16,18.55,18.65,18.15,18.55,103165,-0.146933,-0.80%,18.1708,1.91m,1097
30,11/14/16,18.90,19.25,18.25,18.70,144760,0.00,0.00%,18.3177,2.72m,1597
31,11/11/16,17.80,18.70,17.50,18.70,264957,0.832623,4.76%,18.3177,4.87m,2198
32,11/10/16,17.70,18.10,17.525,17.85,197559,0.342844,2.00%,17.4851,3.53m,1741
33,11/09/16,16.90,17.60,16.725,17.50,153747,0.783646,4.79%,17.1422,2.67m,1511
34,11/08/16,16.70,16.80,16.65,16.70,69256,-0.097955,-0.60%,16.3586,1.16m,612
35,11/07/16,16.50,16.80,16.40,16.80,80037,0.538756,3.38%,16.4566,1.34m,641
36,11/04/16,16.30,16.50,16.25,16.25,58319,-0.10775,-0.67%,15.9178,953.35k,510
37,11/03/16,16.40,16.55,16.30,16.50,72233,0.097126,0.61%,16.0255,1.19m,596
38,11/02/16,16.35,16.45,16.20,16.40,52510,0.00,0.00%,15.9284,858.35k,499
39,11/01/16,16.20,16.50,16.15,16.40,117106,0.194248,1.23%,15.9284,1.92m,1114
40,10/31/16,16.45,16.45,16.10,16.20,187694,-0.242811,-1.52%,15.7342,3.04m,1084
41,10/28/16,16.85,17.15,16.30,16.45,130073,-0.437061,-2.66%,15.977,2.16m,1120
42,10/27/16,16.95,17.05,16.85,16.90,95031,0.00,0.00%,16.414,1.61m,682
43,10/26/16,16.85,17.05,16.85,16.90,82224,-0.048561,-0.29%,16.414,1.39m,685
44,10/25/16,17.00,17.15,16.85,16.95,66961,0.00,0.00%,16.4626,1.14m,616
45,10/24/16,16.75,17.15,16.70,16.95,85854,0.242811,1.50%,16.4626,1.46m,736
46,10/21/16,16.50,16.85,16.50,16.70,50002,0.048562,0.30%,16.2198,834.79k,456
47,10/20/16,16.70,16.80,16.55,16.65,46032,0.00,0.00%,16.1712,766.82k,465
48,10/19/16,16.45,16.85,16.45,16.65,73424,0.097125,0.60%,16.1712,1.22m,509
49,10/18/16,16.70,16.75,16.50,16.55,39937,0.048561,0.30%,16.0741,663.52k,392
50,10/17/16,16.50,16.60,16.40,16.50,97504,-0.087411,-0.54%,16.0255,1.61m,573
51,10/14/16,16.49,16.69,16.49,16.59,81117,0.213674,1.34%,16.113,1.34m,695
52,10/13/16,16.43,16.45,16.23,16.37,78771,-0.087411,-0.55%,15.8993,1.29m,905
53,10/12/16,16.60,16.65,16.45,16.46,68134,-0.097125,-0.60%,15.9867,1.13m,718
54,10/11/16,16.63,16.78,16.53,16.56,57244,-0.194249,-1.19%,16.0838,950.41k,460
55,10/10/16,16.64,16.86,16.60,16.76,45329,0.097124,0.60%,16.2781,759.55k,374
56,10/07/16,16.74,16.83,16.59,16.66,59393,-0.019426,-0.12%,16.1809,990.09k,593
57,10/06/16,16.71,16.80,16.64,16.68,146953,-0.126261,-0.77%,16.2004,2.46m,871
58,10/05/16,16.66,16.84,16.64,16.81,119561,0.145687,0.90%,16.3266,2.01m,938
59,10/04/16,16.69,16.76,16.58,16.66,94987,-0.03885,-0.24%,16.1809,1.58m,912
60,10/03/16,16.75,16.76,16.57,16.70,87082,-0.058274,-0.36%,16.2198,1.45m,879
61,09/30/16,16.91,16.935,16.74,16.76,217676,-0.019426,-0.12%,16.2781,3.66m,1711
62,09/29/16,17.03,17.03,16.76,16.78,84266,-0.223386,-1.35%,16.2975,1.42m,692
63,09/28/16,16.99,17.07,16.92,17.01,76628,0.019425,0.12%,16.5209,1.3m,834
64,09/27/16,16.96,17.04,16.89,16.99,108319,0.029138,0.18%,16.5015,1.84m,832
65,09/26/16,17.06,17.08,16.89,16.96,151954,-0.184537,-1.11%,16.4723,2.58m,1320
66,09/23/16,17.14,17.31,17.06,17.15,146202,-0.116549,-0.69%,16.6569,2.51m,1333
67,09/22/16,17.16,17.30,17.13,17.27,195444,0.174823,1.05%,16.7734,3.37m,1478
68,09/21/16,17.16,17.32,16.99,17.09,144339,-0.058274,-0.35%,16.5986,2.47m,1266
69,09/20/16,17.31,17.321,17.09,17.15,157174,-0.009712,-0.06%,16.6569,2.7m,1508
70,09/19/16,17.33,17.43,17.10,17.16,117396,-0.11655,-0.69%,16.6666,2.02m,1183
71,09/16/16,17.37,17.38,17.16,17.28,283090,-0.087413,-0.52%,16.7831,4.89m,1506
72,09/15/16,17.48,17.58,17.32,17.37,109193,-0.116549,-0.69%,16.8705,1.9m,1002
73,09/14/16,17.71,17.71,17.47,17.49,66789,-0.155399,-0.91%,16.9871,1.17m,675
74,09/13/16,17.81,17.82,17.59,17.65,72038,-0.271949,-1.56%,17.1425,1.27m,672
75,09/12/16,17.59,17.93,17.54,17.93,93647,0.203961,1.19%,17.4144,1.67m,1032
76,09/09/16,18.05,18.27,17.72,17.72,106037,-0.378785,-2.15%,17.2105,1.89m,992
77,09/08/16,18.16,18.16,18.008,18.11,81622,-0.029137,-0.17%,17.5893,1.48m,1065
78,09/07/16,17.93,18.23,17.92,18.14,155088,0.145686,0.83%,17.6184,2.81m,1061
79,09/06/16,18.00,18.12,17.72,17.99,106109,-0.029137,-0.17%,17.4727,1.9m,1026
80,09/02/16,17.77,18.02,17.72,18.02,95518,0.194249,1.12%,17.5018,1.71m,950
81,09/01/16,17.62,17.83,17.40,17.82,115698,0.155399,0.91%,17.3076,2.04m,1192
82,08/31/16,17.64,17.73,17.43,17.66,101890,-0.019424,-0.11%,17.1522,1.8m,969
83,08/30/16,17.43,17.68,17.43,17.68,68049,0.242811,1.43%,17.1716,1.2m,610
84,08/29/16,17.38,17.49,17.38,17.43,43143,0.019425,0.11%,16.9288,751.82k,431
85,08/26/16,17.47,17.57,17.31,17.41,49891,-0.03885,-0.23%,16.9094,868.96k,470
86,08/25/16,17.28,17.45,17.27,17.45,67718,0.097125,0.58%,16.9482,1.18m,501
87,08/24/16,17.20,17.37,17.20,17.35,73463,0.145686,0.87%,16.8511,1.27m,557
88,08/23/16,17.18,17.37,17.16,17.20,78721,0.019425,0.12%,16.7054,1.36m,525
89,08/22/16,17.15,17.29,17.12,17.18,55957,0.029138,0.17%,16.686,962.4k,456
90,08/19/16,17.13,17.17,17.02,17.15,119979,-0.067987,-0.41%,16.6569,2.05m,784
91,08/18/16,16.91,17.22,16.91,17.22,195334,0.349648,2.14%,16.7248,3.33m,1366
92,08/17/16,16.90,16.97,16.86,16.86,89690,-0.019425,-0.12%,16.3752,1.52m,1114
93,08/16/16,16.95,16.95,16.87,16.88,154539,-0.058274,-0.35%,16.3946,2.62m,920
94,08/15/16,16.94,16.96,16.90,16.94,116498,0.00,0.00%,16.4529,1.97m,932
95,08/12/16,17.00,17.02,16.831,16.94,81620,-0.067988,-0.41%,16.4529,1.38m,842
96,08/11/16,17.18,17.21,17.01,17.01,165665,-0.135974,-0.82%,16.5209,2.83m,1293
97,08/10/16,17.34,17.34,17.06,17.15,67466,-0.1554,-0.92%,16.6569,1.16m,679
98,08/09/16,17.42,17.46,17.25,17.31,62718,-0.048561,-0.29%,16.8123,1.09m,581
99,08/08/16,17.37,17.55,17.325,17.36,59061,-0.058276,-0.34%,16.8608,1.03m,694
100,08/05/16,17.19,17.50,17.06,17.42,123060,0.339937,2.05%,16.9191,2.14m,1092
101,08/04/16,17.06,17.19,17.04,17.07,73342,-0.009715,-0.06%,16.5792,1.25m,733
102,08/03/16,17.06,17.23,17.06,17.22,90856,0.144503,0.88%,16.5889,1.56m,1010
103,08/02/16,17.28,17.33,17.07,17.07,103114,-0.250471,-1.50%,16.4444,1.77m,1015
104,08/01/16,17.38,17.39,17.20,17.33,126435,0.0289,0.17%,16.6948,2.19m,1346
105,07/29/16,17.47,17.55,17.29,17.30,89733,-0.154135,-0.92%,16.6659,1.56m,822
106,07/28/16,17.73,17.79,17.43,17.46,144374,-0.260104,-1.52%,16.8201,2.54m,1449
107,07/27/16,17.84,17.84,17.37,17.73,131619,0.077067,0.45%,17.0802,2.32m,1250
108,07/26/16,17.91,18.00,17.63,17.65,68908,-0.192669,-1.12%,17.0031,1.22m,626
109,07/25/16,17.75,17.90,17.56,17.85,118047,0.154135,0.90%,17.1958,2.1m,1042
110,07/22/16,17.51,17.74,17.51,17.69,102812,0.173403,1.03%,17.0416,1.82m,993
111,07/21/16,17.60,17.69,17.40,17.51,89043,-0.086701,-0.51%,16.8682,1.56m,952
112,07/20/16,17.65,17.65,17.47,17.60,92331,0.048166,0.28%,16.9549,1.62m,933
113,07/19/16,17.61,17.70,17.35,17.55,218932,-0.134868,-0.79%,16.9068,3.84m,2112
114,07/18/16,17.77,17.88,17.68,17.69,93358,-0.134869,-0.79%,17.0416,1.66m,907
115,07/15/16,17.94,17.961,17.694,17.83,90733,0.009634,0.06%,17.1765,1.62m,937
116,07/14/16,17.85,17.99,17.68,17.82,97177,0.086702,0.51%,17.1669,1.73m,1031
117,07/13/16,17.71,17.78,17.47,17.73,135599,0.0289,0.17%,17.0802,2.4m,1125
118,07/12/16,17.44,17.73,17.18,17.70,124633,0.394974,2.37%,17.0513,2.2m,1101
119,07/11/16,17.17,17.35,16.985,17.29,77611,0.211936,1.29%,16.6563,1.34m,785
120,07/08/16,17.00,17.20,16.9401,17.07,99025,0.260104,1.61%,16.4444,1.69m,796
121,07/07/16,16.77,16.92,16.70,16.80,87136,0.028901,0.18%,16.1843,1.46m,803
122,07/06/16,16.58,16.85,16.53,16.77,93916,0.048167,0.30%,16.1554,1.57m,909
123,07/05/16,16.64,16.78,16.55,16.72,110324,-0.038534,-0.24%,16.1072,1.84m,982
124,07/01/16,17.00,17.1399,16.67,16.76,188918,-0.240837,-1.47%,16.1457,3.17m,1593
125,06/30/16,16.66,17.01,16.66,17.01,210995,0.337172,2.10%,16.3866,3.56m,1538
126,06/29/16,16.54,16.69,16.41,16.66,119901,0.221571,1.40%,16.0494,1.99m,1177
127,06/28/16,16.77,16.77,16.37,16.43,160515,-0.115603,-0.73%,15.8278,2.64m,1631
128,06/27/16,16.87,16.9346,16.47,16.55,132359,-0.433508,-2.65%,15.9434,2.2m,1284
129,06/24/16,17.10,17.38,16.88,17.00,235465,-0.789945,-4.60%,16.3769,4.02m,1428
130,06/23/16,17.59,17.83,17.365,17.82,97734,0.423874,2.53%,17.1669,1.73m,929
131,06/22/16,17.47,17.68,17.33,17.38,95807,-0.115602,-0.69%,16.743,1.67m,885
132,06/21/16,17.50,17.60,17.35,17.50,89349,0.0289,0.17%,16.8586,1.56m,1044
133,06/20/16,17.46,17.70,17.36,17.47,121020,0.231204,1.39%,16.8297,2.13m,1237
134,06/17/16,17.40,17.43,17.12,17.23,239088,-0.105969,-0.63%,16.5985,4.14m,1515
135,06/16/16,17.32,17.41,17.18,17.34,99397,-0.086701,-0.52%,16.7045,1.72m,997
136,06/15/16,17.58,17.69,17.405,17.43,76546,-0.0578,-0.34%,16.7912,1.34m,769
137,06/14/16,17.65,17.81,17.3719,17.49,140468,-0.211938,-1.24%,16.849,2.46m,1193
138,06/13/16,17.91,18.05,17.69,17.71,76203,-0.192669,-1.12%,17.0609,1.36m,896
139,06/10/16,17.77,18.07,17.77,17.91,139580,-0.067435,-0.39%,17.2536,2.5m,1545
140,06/09/16,18.10,18.10,17.81,17.98,300881,-0.19267,-1.10%,17.321,5.41m,1630
141,06/08/16,18.17,18.25,18.08,18.18,176299,0.009633,0.06%,17.5137,3.2m,1495
142,06/07/16,18.37,18.37,18.12,18.17,70941,-0.144502,-0.82%,17.5041,1.29m,688
143,06/06/16,18.20,18.41,18.20,18.32,129461,0.105969,0.60%,17.6486,2.37m,1187
144,06/03/16,18.30,18.63,17.90,18.21,159741,-0.38534,-2.15%,17.5426,2.9m,1163
145,06/02/16,18.49,18.66,18.35,18.61,143702,0.086703,0.49%,17.9279,2.67m,1176
146,06/01/16,18.33,18.66,18.25,18.52,125842,0.154135,0.87%,17.8412,2.33m,1202
147,05/31/16,18.64,18.64,18.35,18.36,138787,-0.260105,-1.45%,17.6871,2.56m,1199
148,05/27/16,18.45,18.63,18.33,18.63,72718,0.202303,1.14%,17.9472,1.35m,570
149,05/26/16,18.50,18.54,18.39,18.42,156426,-0.144503,-0.81%,17.7449,2.88m,1134
150,05/25/16,18.47,18.87,18.47,18.57,130075,0.009634,0.05%,17.8894,2.42m,1031
1,05/24/16,18.21,18.57,18.20,18.56,186356,0.346806,1.98%,17.8798,3.43m,1450
2,05/23/16,18.22,18.25,18.00,18.20,107797,0.019267,0.11%,17.533,1.96m,861
3,05/20/16,18.00,18.20,17.98,18.18,129930,0.250471,1.45%,17.5137,2.35m,980
4,05/19/16,18.13,18.25,17.79,17.92,91327,-0.298638,-1.70%,17.2632,1.64m,1000
5,05/18/16,17.26,18.23,17.26,18.23,169085,0.85738,5.13%,17.5619,3.03m,1728
6,05/17/16,17.88,17.987,17.23,17.34,140514,-0.491307,-2.86%,16.7045,2.45m,1398
7,05/16/16,17.76,18.00,17.65,17.85,122627,0.154135,0.90%,17.1958,2.19m,1195
8,05/13/16,17.86,17.99,17.63,17.69,93184,-0.202303,-1.17%,17.0416,1.65m,949
9,05/12/16,17.78,17.94,17.69,17.90,163326,0.144502,0.85%,17.2439,2.92m,1265
10,05/11/16,17.78,17.90,17.70,17.75,118969,-0.086701,-0.50%,17.0994,2.12m,1007
11,05/10/16,17.72,17.88,17.60,17.84,105918,0.211937,1.25%,17.1861,1.88m,1018
12,05/09/16,17.71,17.71,17.50,17.62,87716,-0.086702,-0.51%,16.9742,1.55m,823
13,05/06/16,17.55,17.74,17.49,17.71,174016,0.154135,0.91%,17.0609,3.07m,1358
14,05/05/16,17.65,17.65,17.44,17.55,103542,-0.009626,-0.06%,16.9068,1.82m,993
15,05/04/16,17.80,17.97,17.49,17.70,192142,-0.133802,-0.78%,16.9164,3.4m,1199
16,05/03/16,17.86,17.982,17.67,17.84,126396,-0.219817,-1.27%,17.0502,2.25m,1249
17,05/02/16,17.93,18.22,17.715,18.07,332219,-0.03823,-0.22%,17.27,6m,2387
18,04/29/16,17.77,18.19,17.72,18.11,102141,0.353619,2.09%,17.3083,1.84m,1036
19,04/28/16,17.54,17.91,17.54,17.74,86790,0.114688,0.68%,16.9546,1.54m,936
20,04/27/16,17.74,17.75,17.42,17.62,103317,-0.076458,-0.45%,16.8399,1.82m,983
21,04/26/16,17.56,17.82,17.44,17.70,84781,0.229376,1.37%,16.9164,1.5m,888
22,04/25/16,17.51,17.51,17.305,17.46,99463,-0.14336,-0.85%,16.687,1.73m,1004
23,04/22/16,17.37,17.64,17.37,17.61,104456,0.172032,1.03%,16.8304,1.83m,944
24,04/21/16,17.71,17.71,17.39,17.43,117688,-0.229375,-1.36%,16.6584,2.06m,914
25,04/20/16,17.78,17.87,17.62,17.67,65200,-0.076459,-0.45%,16.8877,1.16m,677
26,04/19/16,17.69,17.77,17.55,17.75,95216,0.124244,0.74%,16.9642,1.68m,1066
27,04/18/16,17.49,17.75,17.3901,17.62,80551,0.105131,0.63%,16.8399,1.42m,866
28,04/15/16,17.52,17.72,17.43,17.51,67302,-0.095573,-0.57%,16.7348,1.18m,702
29,04/14/16,17.76,17.85,17.59,17.61,61628,-0.172031,-1.01%,16.8304,1.09m,913
30,04/13/16,17.41,17.82,17.41,17.79,111201,0.439634,2.65%,17.0024,1.97m,1136
31,04/12/16,17.08,17.49,17.08,17.33,87300,0.210261,1.29%,16.5628,1.51m,927
32,04/11/16,16.87,17.31,16.87,17.11,122193,0.258047,1.60%,16.3525,2.1m,1075
33,04/08/16,16.96,17.13,16.76,16.84,119441,0.019116,0.12%,16.0945,2.01m,1119
34,04/07/16,17.06,17.08,16.72,16.82,169275,-0.372734,-2.27%,16.0754,2.85m,1046
35,04/06/16,17.09,17.33,16.95,17.21,107386,0.114687,0.70%,16.4481,1.85m,1011
36,04/05/16,17.26,17.31,17.09,17.09,129154,-0.296278,-1.78%,16.3334,2.22m,1123
37,04/04/16,17.40,17.565,17.36,17.40,74707,-0.047786,-0.29%,16.6297,1.3m,809
38,04/01/16,17.50,17.67,17.42,17.45,105497,-0.162474,-0.96%,16.6775,1.85m,1009
39,03/31/16,17.84,17.93,17.59,17.62,120200,-0.238931,-1.40%,16.8399,2.13m,1146
40,03/30/16,17.89,17.92,17.67,17.87,104947,0.047787,0.28%,17.0789,1.87m,1037
41,03/29/16,17.35,17.86,17.29,17.82,134998,0.42052,2.53%,17.0311,2.38m,1320
42,03/28/16,17.35,17.46,17.26,17.38,106733,0.028671,0.17%,16.6106,1.85m,1019
43,03/24/16,17.11,17.35,17.02,17.35,102511,0.124245,0.75%,16.5819,1.77m,945
44,03/23/16,17.50,17.50,17.22,17.22,92985,-0.267604,-1.60%,16.4577,1.61m,855
45,03/22/16,17.30,17.55,17.20,17.50,364713,0.143359,0.86%,16.7253,6.33m,2303
46,03/21/16,17.51,17.65,17.34,17.35,200013,-0.219818,-1.31%,16.5819,3.5m,1806
47,03/18/16,17.58,17.70,17.44,17.58,190764,0.086016,0.51%,16.8017,3.35m,958
48,03/17/16,17.19,17.55,17.00,17.49,98153,0.296276,1.80%,16.7157,1.7m,1042
49,03/16/16,17.13,17.28,16.98,17.18,110141,-0.038229,-0.23%,16.4194,1.89m,1088
50,03/15/16,17.28,17.40,17.20,17.22,99719,-0.191147,-1.15%,16.4577,1.72m,698
51,03/14/16,17.62,17.62,17.36,17.42,63324,-0.200702,-1.19%,16.6488,1.1m,793
52,03/11/16,17.52,17.685,17.42,17.63,82280,0.210261,1.26%,16.8495,1.44m,783
53,03/10/16,17.30,17.45,17.20,17.41,73310,0.124245,0.75%,16.6392,1.27m,802
54,03/09/16,17.41,17.52,17.22,17.28,68767,-0.086015,-0.52%,16.515,1.19m,745
55,03/08/16,17.45,17.57,17.36,17.37,97042,-0.21026,-1.25%,16.601,1.69m,1036
56,03/07/16,17.42,17.66,17.42,17.59,107133,0.0669,0.40%,16.8113,1.88m,996
57,03/04/16,17.47,17.585,17.35,17.52,178684,0.047787,0.29%,16.7444,3.13m,1754
58,03/03/16,17.50,17.66,17.42,17.47,219464,-0.066903,-0.40%,16.6966,3.84m,1928
59,03/02/16,17.32,17.54,17.22,17.54,95712,0.152918,0.92%,16.7635,1.67m,970
60,03/01/16,17.08,17.46,17.00,17.38,102570,0.334504,2.06%,16.6106,1.78m,1063
61,02/29/16,17.23,17.27,16.99,17.03,187367,-0.229375,-1.39%,16.2761,3.2m,1854
62,02/26/16,17.22,17.42,17.13,17.27,156185,0.105131,0.64%,16.5054,2.7m,1516
63,02/25/16,16.90,17.17,16.90,17.16,121473,0.219817,1.36%,16.4003,2.08m,1439
64,02/24/16,16.67,16.98,16.62,16.93,139239,0.03823,0.24%,16.1805,2.34m,1627
65,02/23/16,16.85,16.95,16.68,16.89,150066,0.038228,0.24%,16.1423,2.53m,1546
66,02/22/16,16.84,16.90,16.73,16.85,159564,0.172032,1.08%,16.104,2.69m,1219
67,02/19/16,16.61,16.78,16.51,16.67,212726,0.019114,0.12%,15.932,3.55m,1363
68,02/18/16,16.67,16.74,16.47,16.65,141220,-0.019114,-0.12%,15.9129,2.35m,1158
69,02/17/16,16.97,16.97,16.64,16.67,102488,-0.21026,-1.30%,15.932,1.72m,883
70,02/16/16,16.88,17.17,16.65,16.89,93671,0.248488,1.56%,16.1423,1.59m,910
71,02/12/16,16.56,16.72,16.44,16.63,124202,0.315393,2.02%,15.8938,2.06m,1030
72,02/11/16,16.13,16.44,16.13,16.30,75244,-0.191147,-1.21%,15.5784,1.23m,869
73,02/10/16,16.93,17.05,16.49,16.50,139951,-0.353619,-2.19%,15.7695,2.34m,1441
74,02/09/16,16.54,16.98,16.54,16.87,121934,0.076458,0.48%,16.1231,2.05m,1322
75,02/08/16,16.29,16.86,16.2484,16.79,151441,0.353619,2.25%,16.0467,2.52m,1628
76,02/05/16,16.44,16.94,16.41,16.42,153567,0.009557,0.06%,15.6931,2.54m,1378
77,02/04/16,16.49,16.98,16.34,16.41,543940,-0.057337,-0.36%,15.6835,9.01m,4706
78,02/03/16,16.74,16.87,16.24,16.61,164500,0.028429,0.18%,15.7408,2.72m,1424
79,02/02/16,16.77,16.88,16.45,16.58,116477,-0.407499,-2.53%,15.7124,1.94m,1172
80,02/01/16,17.04,17.70,16.54,17.01,285109,-0.17058,-1.05%,16.1199,4.83m,2699
81,01/29/16,16.63,17.22,16.48,17.19,200242,0.54965,3.49%,16.2905,3.4m,1646
82,01/28/16,16.44,17.10,16.44,16.61,197116,0.312731,2.03%,15.7408,3.31m,2079
83,01/27/16,16.23,16.51,16.19,16.28,134784,0.047384,0.31%,15.4281,2.2m,1448
84,01/26/16,15.70,16.23,15.70,16.23,110757,0.540173,3.64%,15.3807,1.78m,1054
85,01/25/16,15.99,16.10,15.61,15.66,102039,-0.416974,-2.73%,14.8406,1.61m,1108
86,01/22/16,16.21,16.21,15.87,16.10,123359,0.066337,0.44%,15.2575,1.99m,1152
87,01/21/16,16.48,16.48,16.02,16.03,130840,-0.379071,-2.43%,15.1912,2.12m,1251
88,01/20/16,16.05,16.55,15.92,16.43,225222,0.123199,0.80%,15.5703,3.66m,2354
89,01/19/16,16.41,16.48,16.11,16.30,207081,0.02843,0.18%,15.4471,3.37m,1911
90,01/15/16,15.68,16.32,15.6502,16.27,259439,0.123197,0.81%,15.4186,4.17m,2195
91,01/14/16,16.23,16.49,16.0402,16.14,145223,0.066337,0.44%,15.2954,2.36m,1577
92,01/13/16,16.46,16.9899,15.98,16.07,179295,-0.322209,-2.07%,15.2291,2.9m,1683
93,01/12/16,16.50,16.50,16.22,16.41,121786,0.02843,0.18%,15.5513,1.99m,1022
94,01/11/16,16.42,16.52,16.26,16.38,104407,-0.02843,-0.18%,15.5229,1.71m,1125
95,01/08/16,16.90,16.90,16.39,16.41,207482,-0.293779,-1.85%,15.5513,3.45m,1780
96,01/07/16,16.76,17.01,16.63,16.72,100148,-0.322209,-1.99%,15.8451,1.68m,855
97,01/06/16,16.76,17.17,16.76,17.06,135540,0.018953,0.12%,16.1673,2.31m,1120
98,01/05/16,17.05,17.15,16.89,17.04,96730,0.066337,0.41%,16.1484,1.65m,987
99,01/04/16,17.22,17.41,16.86,16.97,164447,-0.492788,-2.97%,16.082,2.79m,1546
100,12/31/15,17.96,17.96,17.49,17.49,124239,-0.540174,-3.16%,16.5748,2.2m,1149
101,12/30/15,18.02,18.33,17.535,18.06,333889,0.037907,0.22%,17.115,6.05m,2783
102,12/29/15,17.72,18.02,17.44,18.02,178810,0.398023,2.39%,17.0771,3.19m,1367
103,12/28/15,17.44,17.62,17.19,17.60,143590,0.066336,0.40%,16.679,2.5m,1322
104,12/25/15,,,,17.53,0,,0.00%,16.6127,,
105,12/24/15,17.40,17.69,17.32,17.53,53331,0.085292,0.52%,16.6127,934.41k,551
106,12/23/15,17.60,17.62,17.40,17.44,78415,-0.009477,-0.06%,16.5274,1.37m,909
107,12/22/15,17.29,17.50,17.01,17.45,153704,0.189533,1.16%,16.5369,2.66m,1485
108,12/21/15,17.33,17.61,17.01,17.25,219919,0.018955,0.12%,16.3474,3.79m,2236
109,12/18/15,17.83,17.92,17.22,17.23,488283,-0.568604,-3.37%,16.3284,8.51m,2201
110,12/17/15,18.01,18.10,17.72,17.83,145745,-0.123198,-0.72%,16.897,2.6m,1579
111,12/16/15,17.96,18.05,16.275,17.96,166814,0.208488,1.24%,17.0202,2.98m,1680
112,12/15/15,17.52,17.87,17.50,17.74,199391,0.341162,2.07%,16.8117,3.52m,2155
113,12/14/15,17.32,17.68,17.25,17.38,210778,0.066338,0.40%,16.4706,3.66m,2098
114,12/11/15,17.46,17.71,17.24,17.31,170864,-0.445407,-2.64%,16.4042,2.97m,1510
115,12/10/15,17.74,17.91,17.22,17.78,79423,-0.018955,-0.11%,16.8496,1.41m,731
116,12/09/15,18.02,18.15,17.1372,17.80,62981,-0.25587,-1.49%,16.8686,1.13m,806
117,12/08/15,18.11,18.29,18.00,18.07,80253,-0.189534,-1.09%,17.1245,1.45m,829
118,12/07/15,18.53,18.55,18.12,18.27,63252,-0.255872,-1.46%,17.314,1.16m,669
119,12/04/15,18.25,18.6097,18.21,18.54,89103,0.265348,1.53%,17.5699,1.64m,843
120,12/03/15,18.43,18.54,18.18,18.26,136860,-0.142151,-0.81%,17.3045,2.51m,1252
121,12/02/15,18.63,18.67,18.40,18.41,116971,-0.199011,-1.13%,17.4467,2.16m,1362
122,12/01/15,18.51,18.73,18.44,18.62,128965,0.104245,0.59%,17.6457,2.4m,1460
123,11/30/15,18.51,18.65,18.40,18.51,115824,0.009477,0.05%,17.5414,2.15m,1180
124,11/27/15,18.45,18.64,18.265,18.50,38371,0.00,0.00%,17.532,709.52k,428
125,11/26/15,,,,18.50,0,,0.00%,17.532,,
126,11/25/15,18.38,18.50,18.285,18.50,59842,0.104242,0.60%,17.532,1.1m,723
127,11/24/15,18.33,18.45,18.15,18.39,82388,0.00,0.00%,17.4277,1.51m,851
128,11/23/15,18.32,18.44,18.31,18.39,71049,0.037907,0.22%,17.4277,1.31m,745
129,11/20/15,18.25,18.49,18.25,18.35,80920,0.094767,0.55%,17.3898,1.48m,639
130,11/19/15,18.21,18.30,18.05,18.25,133155,0.009476,0.05%,17.295,2.42m,1152
131,11/18/15,18.14,18.26,17.81,18.24,107445,0.170583,1.00%,17.2856,1.94m,1096
132,11/17/15,18.10,18.23,17.88,18.06,141077,-0.018954,-0.11%,17.115,2.55m,1132
133,11/16/15,18.00,18.13,16.20,18.08,98078,0.123198,0.72%,17.1339,1.76m,1000
134,11/13/15,17.90,18.23,17.82,17.95,110664,-0.02843,-0.17%,17.0107,1.99m,1095
135,11/12/15,18.30,18.57,17.96,17.98,136097,-0.445406,-2.55%,17.0392,2.46m,1424
136,11/11/15,18.55,18.74,18.45,18.45,130359,-0.02843,-0.16%,17.4846,2.42m,1266
137,11/10/15,18.36,18.68,18.32,18.48,181555,0.17058,0.98%,17.513,3.36m,1334
138,11/09/15,18.43,18.45,18.14,18.30,118662,-0.066337,-0.38%,17.3424,2.17m,1245
139,11/06/15,18.18,18.50,18.105,18.37,253183,0.293779,1.72%,17.4088,4.65m,1558
140,11/05/15,17.83,18.26,17.83,18.06,207256,0.217965,1.29%,17.115,3.74m,1432
141,11/04/15,17.80,17.95,17.70,17.83,149043,0.028428,0.17%,16.897,2.65m,1221
142,11/03/15,17.69,17.88,17.57,17.80,188535,0.123199,0.74%,16.8686,3.34m,1569
143,11/02/15,17.33,17.80,17.19,17.67,249618,0.303256,1.84%,16.7454,4.38m,1996
144,10/30/15,17.82,17.85,17.18,17.35,191589,-0.47384,-2.80%,16.4421,3.35m,1546
145,10/29/15,18.42,18.46,17.86,17.99,248222,-0.376119,-2.18%,16.916,4.48m,1969
146,10/28/15,17.87,18.46,17.87,18.39,285494,0.507762,3.03%,17.2921,5.18m,2793
147,10/27/15,17.70,18.002,17.51,17.85,275899,0.15985,0.96%,16.7843,4.92m,2613
148,10/26/15,17.50,17.74,17.42,17.68,323220,0.338507,2.08%,16.6245,5.7m,2740
149,10/23/15,16.86,17.49,16.48,17.32,277010,0.009404,0.06%,16.286,4.79m,2029
150,10/22/15,17.09,17.47,17.09,17.31,110275,0.300896,1.88%,16.2766,1.91m,1070
1,10/21/15,17.24,17.39,16.99,16.99,233669,-0.225672,-1.39%,15.9757,4.02m,1669
2,10/20/15,17.24,17.44,17.19,17.23,142770,-0.018805,-0.12%,16.2013,2.47m,1145
3,10/19/15,17.13,17.32,17.13,17.25,52312,0.018805,0.12%,16.2201,900.65k,509
4,10/16/15,17.24,17.42,17.0655,17.23,150714,-0.009404,-0.06%,16.2013,2.6m,1108
5,10/15/15,16.81,17.24,16.77,17.24,111468,0.47015,2.99%,16.2107,1.9m,999
6,10/14/15,17.19,17.31,16.70,16.74,104218,-0.460746,-2.84%,15.7406,1.76m,899
7,10/13/15,17.36,17.465,17.15,17.23,101443,-0.141047,-0.86%,16.2013,1.75m,833
8,10/12/15,17.18,17.47,17.08,17.38,97801,0.169256,1.05%,16.3424,1.7m,821
9,10/09/15,17.40,17.46,17.16,17.20,109123,-0.188061,-1.15%,16.1731,1.88m,913
10,10/08/15,17.10,17.55,17.10,17.40,369264,0.385524,2.41%,16.3612,6.42m,2759
11,10/07/15,16.87,17.025,16.8152,16.99,323222,0.150447,0.95%,15.9757,5.47m,2206
12,10/06/15,17.06,17.06,16.78,16.83,144772,-0.206865,-1.29%,15.8252,2.44m,1309
13,10/05/15,16.97,17.15,16.50,17.05,168421,0.235074,1.49%,16.0321,2.87m,1391
14,10/02/15,16.80,16.87,16.37,16.80,179819,-0.188059,-1.18%,15.797,3m,1690
15,10/01/15,16.90,17.08,16.79,17.00,150788,0.094029,0.59%,15.9851,2.56m,1326
16,09/30/15,16.95,16.99,16.75,16.90,216598,0.065821,0.42%,15.891,3.66m,1353
17,09/29/15,16.94,17.04,16.73,16.83,143558,-0.056417,-0.36%,15.8252,2.42m,1305
18,09/28/15,17.01,17.09,16.86,16.89,105354,-0.18806,-1.17%,15.8816,1.79m,1024
19,09/25/15,16.73,17.27,16.71,17.09,262987,0.470148,3.01%,16.0697,4.47m,1991
20,09/24/15,16.46,16.69,16.405,16.59,225486,0.018809,0.12%,15.5996,3.74m,1579
21,09/23/15,16.50,16.65,16.38,16.57,114383,0.065819,0.42%,15.5807,1.89m,1042
22,09/22/15,16.43,16.71,16.42,16.50,80550,-0.09403,-0.60%,15.5149,1.33m,799
23,09/21/15,16.59,16.80,16.39,16.60,137619,0.131641,0.85%,15.609,2.29m,1298
24,09/18/15,16.42,16.49,16.33,16.46,379171,-0.159851,-1.02%,15.4773,6.23m,1848
25,09/17/15,16.87,16.90,16.52,16.63,145804,-0.244476,-1.54%,15.6372,2.44m,1353
26,09/16/15,17.04,17.10,16.81,16.89,176951,-0.18806,-1.17%,15.8816,2.99m,1348
27,09/15/15,16.99,17.20,16.95,17.09,151295,0.122238,0.77%,16.0697,2.59m,1287
28,09/14/15,16.96,17.06,16.88,16.96,45571,0.028208,0.18%,15.9475,772.95k,541
29,09/11/15,16.75,16.97,16.73,16.93,58941,0.047016,0.30%,15.9193,994.63k,651
30,09/10/15,16.70,17.02,16.70,16.88,95250,0.112834,0.72%,15.8722,1.61m,892
31,09/09/15,16.98,16.99,16.74,16.76,77960,-0.094028,-0.59%,15.7594,1.31m,754
32,09/08/15,16.83,16.94,16.59,16.86,99250,0.25388,1.63%,15.8534,1.67m,1079
33,09/07/15,,,,16.59,0,,0.00%,15.5996,,
34,09/04/15,16.55,16.76,16.49,16.59,63609,-0.141044,-0.90%,15.5996,1.05m,561
35,09/03/15,16.56,16.85,16.56,16.74,173174,0.131642,0.84%,15.7406,2.9m,1198
36,09/02/15,16.56,16.7655,16.37,16.60,99904,0.178656,1.16%,15.609,1.65m,962
37,09/01/15,16.76,16.975,16.37,16.41,121010,-0.582985,-3.64%,15.4303,2m,1211
38,08/31/15,16.87,17.15,16.87,17.03,180573,0.018807,0.12%,16.0133,3.07m,1277
39,08/28/15,16.83,17.06,16.76,17.01,165525,0.169253,1.07%,15.9945,2.8m,1465
40,08/27/15,16.69,17.00,16.67,16.83,246094,0.216269,1.39%,15.8252,4.13m,2119
41,08/26/15,16.48,16.63,16.25,16.60,161603,0.432535,2.85%,15.609,2.66m,1360
42,08/25/15,16.61,16.69,16.13,16.14,135834,-0.009401,-0.06%,15.1764,2.22m,1273
43,08/24/15,16.32,16.63,16.04,16.15,176363,-0.630001,-3.98%,15.1858,2.88m,1484
44,08/21/15,16.64,16.95,16.51,16.82,191195,-0.084624,-0.53%,15.8158,3.21m,1291
45,08/20/15,16.94,17.15,16.885,16.91,113645,-0.18806,-1.17%,15.9004,1.94m,962
46,08/19/15,17.13,17.31,16.97,17.11,107801,-0.112837,-0.70%,16.0885,1.85m,699
47,08/18/15,17.33,17.41,17.11,17.23,51247,-0.141047,-0.86%,16.2013,883.77k,602
48,08/17/15,17.15,17.421,17.10,17.38,94809,0.122242,0.75%,16.3424,1.64m,929
49,08/14/15,16.83,17.25,16.83,17.25,83156,0.357311,2.25%,16.2201,1.42m,764
50,08/13/15,16.77,17.02,16.77,16.87,97134,0.056419,0.36%,15.8628,1.64m,789
51,08/12/15,16.91,16.989,16.64,16.81,136654,-0.206866,-1.29%,15.8064,2.29m,1159
52,08/11/15,17.04,17.24,16.88,17.03,137504,-0.047014,-0.29%,16.0133,2.33m,874
53,08/10/15,17.14,17.26,16.94,17.08,204831,0.075224,0.47%,16.0603,3.49m,1493
54,08/07/15,17.13,17.27,16.93,17.00,89133,-0.216269,-1.33%,15.9851,1.52m,1191
55,08/06/15,17.23,17.35,17.12,17.23,82729,-0.009404,-0.06%,16.2013,1.43m,844
56,08/05/15,17.16,17.39,17.10,17.24,83644,0.084626,0.52%,16.2107,1.44m,795
57,08/04/15,17.08,17.34,17.08,17.15,105340,0.112837,0.70%,16.1261,1.81m,1084
58,08/03/15,17.00,17.10,16.72,17.03,77988,0.02821,0.18%,16.0133,1.32m,744
59,07/31/15,16.90,17.04,16.82,17.00,130601,0.122229,0.77%,15.9851,2.21m,1134
60,07/30/15,16.78,17.08,16.75,17.01,160321,0.139887,0.89%,15.8628,2.72m,1458
61,07/29/15,17.07,17.30,16.86,16.86,147254,-0.167861,-1.06%,15.723,2.5m,1699
62,07/28/15,17.20,17.20,16.72,17.04,153683,-0.018653,-0.12%,15.8908,2.6m,1145
63,07/27/15,17.09,17.11,16.78,17.06,85621,-0.01865,-0.12%,15.9095,1.45m,780
64,07/24/15,18.00,18.00,16.82,17.08,150664,-0.065279,-0.41%,15.9281,2.58m,1185
65,07/23/15,17.48,17.48,17.01,17.15,101125,-0.223815,-1.38%,15.9934,1.74m,890
66,07/22/15,17.24,17.46,17.24,17.39,101628,0.111906,0.69%,16.2172,1.77m,927
67,07/21/15,17.30,17.60,17.18,17.27,94572,-0.065278,-0.40%,16.1053,1.64m,718
68,07/20/15,17.28,17.43,17.22,17.34,64131,0.027977,0.17%,16.1706,1.11m,615
69,07/17/15,17.48,17.48,17.21,17.31,138728,-0.130559,-0.80%,16.1426,2.4m,1031
70,07/16/15,17.40,17.59,17.40,17.45,100513,0.055954,0.35%,16.2732,1.76m,934
71,07/15/15,17.39,17.49,17.26,17.39,67268,-0.009326,-0.06%,16.2172,1.17m,663
72,07/14/15,17.29,17.46,17.24,17.40,96267,0.018651,0.12%,16.2265,1.67m,850
73,07/13/15,17.40,17.54,17.34,17.38,75095,0.037303,0.23%,16.2079,1.31m,683
74,07/10/15,17.28,17.44,17.16,17.34,86272,0.158536,0.99%,16.1706,1.5m,762
75,07/09/15,17.16,17.27,17.07,17.17,145807,0.158535,1.00%,16.012,2.5m,1030
76,07/08/15,16.85,17.16,16.77,17.00,188374,0.046626,0.29%,15.8535,3.2m,1596
77,07/07/15,17.18,17.18,16.86,16.95,111542,-0.205161,-1.28%,15.8069,1.89m,997
78,07/06/15,16.87,17.20,16.87,17.17,77959,0.065279,0.41%,16.012,1.33m,690
79,07/03/15,,,,17.10,0,,0.00%,15.9468,,
80,07/02/15,17.42,17.42,17.09,17.10,64963,-0.298419,-1.84%,15.9468,1.12m,614
81,07/01/15,17.12,17.51,17.04,17.42,246981,0.447627,2.83%,16.2452,4.28m,2378
82,06/30/15,17.19,17.31,16.92,16.94,230202,-0.16786,-1.05%,15.7976,3.92m,1577
83,06/29/15,17.31,17.52,17.07,17.12,81320,-0.31707,-1.95%,15.9654,1.4m,746
84,06/26/15,17.46,17.66,17.32,17.46,589809,0.009325,0.06%,16.2825,10.3m,1547
85,06/25/15,17.45,17.55,17.38,17.45,104154,0.027978,0.17%,16.2732,1.82m,969
86,06/24/15,17.29,17.50,17.10,17.42,156976,0.121232,0.75%,16.2452,2.74m,1442
87,06/23/15,17.12,17.40,17.12,17.29,98262,0.130559,0.82%,16.124,1.7m,848
88,06/22/15,17.04,17.23,17.04,17.15,117990,0.149209,0.94%,15.9934,2.02m,1030
89,06/19/15,16.98,17.06,16.86,16.99,222296,0.046627,0.30%,15.8442,3.78m,752
90,06/18/15,16.70,16.97,16.68,16.94,135402,0.233141,1.50%,15.7976,2.29m,1345
91,06/17/15,16.94,16.95,16.60,16.69,137376,-0.205164,-1.30%,15.5644,2.3m,1236
92,06/16/15,16.83,16.93,16.74,16.91,91112,0.009326,0.06%,15.7696,1.54m,887
93,06/15/15,16.97,17.065,16.76,16.90,102651,-0.12123,-0.76%,15.7603,1.74m,993
94,06/12/15,17.05,17.19,16.91,17.03,96453,-0.04663,-0.29%,15.8815,1.64m,777
95,06/11/15,17.11,17.11,16.92,17.08,116431,0.01865,0.12%,15.9281,1.98m,913
96,06/10/15,16.89,17.12,16.74,17.06,205534,0.242466,1.55%,15.9095,3.5m,1584
97,06/09/15,16.68,16.94,16.60,16.80,73218,0.102582,0.66%,15.667,1.23m,593
98,06/08/15,16.74,16.75,16.62,16.69,69238,-0.037303,-0.24%,15.5644,1.16m,679
99,06/05/15,16.51,16.74,16.48,16.73,82607,0.242466,1.58%,15.6017,1.37m,664
100,06/04/15,16.61,16.66,16.36,16.47,86527,-0.16786,-1.08%,15.3593,1.43m,1021
101,06/03/15,16.39,16.74,16.39,16.65,193839,0.25179,1.65%,15.5271,3.22m,956
102,06/02/15,16.31,16.50,16.29,16.38,53986,0.037302,0.24%,15.2753,885k,506
103,06/01/15,16.43,16.4565,16.25,16.34,171494,-0.046626,-0.31%,15.238,2.8m,1427
104,05/29/15,16.44,16.50,16.24,16.39,144986,-0.046629,-0.30%,15.2847,2.38m,1018
105,05/28/15,16.36,16.49,16.283,16.44,170948,0.074605,0.49%,15.3313,2.81m,1543
106,05/27/15,16.11,16.36,16.03,16.36,110406,0.251792,1.68%,15.2567,1.79m,977
107,05/26/15,16.17,16.17,15.96,16.09,84667,-0.102582,-0.68%,15.0049,1.36m,951
108,05/25/15,,,,16.20,0,,0.00%,15.1075,,
109,05/22/15,16.22,16.28,16.15,16.20,215434,-0.046629,-0.31%,15.1075,3.49m,1173
110,05/21/15,16.27,16.3199,16.15,16.25,85293,-0.037302,-0.25%,15.1541,1.39m,703
111,05/20/15,16.33,16.39,16.219,16.29,93075,-0.037303,-0.24%,15.1914,1.52m,831
112,05/19/15,16.20,16.39,16.17,16.33,124204,0.130558,0.86%,15.2287,2.02m,1012
113,05/18/15,16.03,16.25,16.03,16.19,262382,0.06528,0.43%,15.0981,4.24m,1977
114,05/15/15,16.10,16.23,15.94,16.12,189401,-0.046629,-0.31%,15.0329,3.04m,1357
115,05/14/15,16.19,16.25,16.11,16.17,129474,-0.018651,-0.12%,15.0795,2.1m,1004
116,05/13/15,16.24,16.41,16.17,16.19,70486,-0.046627,-0.31%,15.0981,1.14m,555
117,05/12/15,16.14,16.33,15.95,16.24,107730,0.102582,0.68%,15.1448,1.74m,996
118,05/11/15,15.98,16.21,15.98,16.13,113630,0.195838,1.32%,15.0422,1.83m,1106
119,05/08/15,16.00,16.00,15.83,15.92,66769,0.009324,0.06%,14.8463,1.06m,587
120,05/07/15,15.83,15.99,15.795,15.91,70769,0.009326,0.06%,14.837,1.12m,676
121,05/06/15,15.75,15.97,15.55,15.90,151091,0.233139,1.60%,14.8277,2.38m,1043
122,05/05/15,15.72,15.86,15.46,15.65,129390,-0.065277,-0.45%,14.5946,2.02m,1022
123,05/04/15,15.77,15.80,15.65,15.72,68992,0.046624,0.32%,14.6598,1.09m,617
124,05/01/15,16.00,16.00,15.64,15.81,115713,-0.101673,-0.69%,14.6132,1.83m,958
125,04/30/15,16.26,16.32,15.90,15.92,115983,-0.332748,-2.21%,14.7149,1.86m,1002
126,04/29/15,16.37,16.52,16.26,16.28,77942,-0.101674,-0.67%,15.0476,1.28m,660
127,04/28/15,16.18,16.455,16.18,16.39,104183,0.166375,1.11%,15.1493,1.7m,987
128,04/27/15,16.26,16.40,16.07,16.21,122955,0.046215,0.31%,14.9829,2m,1165
129,04/24/15,16.46,16.64,16.13,16.16,90199,-0.194104,-1.28%,14.9367,1.47m,769
130,04/23/15,16.21,16.42,16.21,16.37,70705,0.110917,0.74%,15.1308,1.15m,663
131,04/22/15,16.22,16.30,16.12,16.25,108966,0.036972,0.25%,15.0199,1.77m,690
132,04/21/15,16.31,16.337,16.14,16.21,58398,-0.018485,-0.12%,14.9829,948.37k,475
133,04/20/15,16.12,16.28,16.05,16.23,99385,0.212587,1.44%,15.0014,1.61m,814
134,04/17/15,16.18,16.22,15.92,16.00,71961,-0.258803,-1.72%,14.7888,1.16m,505
135,04/16/15,16.31,16.42,16.20,16.28,75945,-0.036973,-0.25%,15.0476,1.24m,435
136,04/15/15,16.28,16.45,16.22,16.32,95088,0.05546,0.37%,15.0846,1.56m,653
137,04/14/15,16.30,16.39,16.20,16.26,89469,-0.02773,-0.18%,15.0291,1.45m,598
138,04/13/15,16.28,16.42,16.21,16.29,82250,0.02773,0.18%,15.0569,1.34m,716
139,04/10/15,16.24,16.31,16.0601,16.26,34870,0.0647,0.43%,15.0291,566.8k,313
140,04/09/15,16.28,16.362,16.00,16.19,71820,-0.083187,-0.55%,14.9644,1.16m,673
141,04/08/15,16.32,16.42,16.25,16.28,126701,0.00,0.00%,15.0476,2.06m,697
142,04/07/15,16.24,16.41,16.10,16.28,72490,0.046216,0.31%,15.0476,1.18m,569
143,04/06/15,16.22,16.40,16.13,16.23,57556,-0.138645,-0.92%,15.0014,937.02k,530
144,04/03/15,,,,16.38,0,,0.00%,15.1401,,
145,04/02/15,16.43,16.54,16.36,16.38,91333,-0.027729,-0.18%,15.1401,1.5m,881
146,04/01/15,16.10,16.41,16.08,16.41,168638,0.286533,1.93%,15.1678,2.75m,1069
147,03/31/15,16.03,16.17,15.995,16.10,204832,0.027729,0.19%,14.8813,3.3m,1029
148,03/30/15,15.92,16.18,15.90,16.07,64054,0.212588,1.45%,14.8535,1.03m,562
149,03/27/15,16.06,16.14,15.79,15.84,89803,-0.18486,-1.25%,14.6409,1.43m,636
150,03/26/15,15.98,16.10,15.955,16.04,69017,0.018486,0.12%,14.8258,1.11m,601
1,03/25/15,16.22,16.40,15.97,16.02,126765,-0.194102,-1.29%,14.8073,2.05m,1049
2,03/24/15,16.07,16.33,16.03,16.23,111635,0.110915,0.74%,15.0014,1.81m,1048
3,03/23/15,15.94,16.26,15.94,16.11,101651,0.092431,0.62%,14.8905,1.64m,920
4,03/20/15,15.88,16.10,15.77,16.01,234636,0.231074,1.59%,14.7981,3.75m,849
5,03/19/15,15.77,15.81,15.67,15.76,60891,-0.027729,-0.19%,14.567,958.55k,564
6,03/18/15,15.79,15.97,15.69,15.79,77960,-0.036972,-0.25%,14.5947,1.23m,748
7,03/17/15,15.65,15.86,15.55,15.83,136031,0.092431,0.64%,14.6317,2.15m,1002
8,03/16/15,15.77,15.87,15.6401,15.73,78815,0.00,0.00%,14.5393,1.24m,656
9,03/13/15,15.77,15.80,15.40,15.73,82238,-0.009243,-0.06%,14.5393,1.29m,615
10,03/12/15,15.50,15.79,15.41,15.74,99287,0.332748,2.34%,14.5485,1.55m,832
11,03/11/15,15.27,15.41,15.17,15.38,78716,0.157132,1.12%,14.2158,1.2m,706
12,03/10/15,15.39,15.39,15.16,15.21,96188,-0.258805,-1.81%,14.0586,1.47m,786
13,03/09/15,15.53,15.68,15.41,15.49,101415,0.009242,0.06%,14.3174,1.57m,856
14,03/06/15,15.40,15.78,15.272,15.48,104310,0.00,0.00%,14.3082,1.62m,792
15,03/05/15,15.45,15.48,15.20,15.48,149632,0.083188,0.58%,14.3082,2.3m,1082
16,03/04/15,15.46,15.4999,15.31,15.39,107374,-0.09243,-0.65%,14.225,1.65m,759
17,03/03/15,15.63,15.63,15.44,15.49,90135,-0.101674,-0.71%,14.3174,1.4m,748
18,03/02/15,15.55,15.70,15.44,15.60,117022,0.036973,0.26%,14.4191,1.83m,1050
19,02/27/15,15.65,15.784,15.50,15.56,197626,-0.129403,-0.89%,14.3821,3.08m,1239
20,02/26/15,15.69,15.7899,15.588,15.70,136135,-0.046215,-0.32%,14.5115,2.14m,935
21,02/25/15,15.80,15.87,15.70,15.75,103448,-0.046215,-0.32%,14.5578,1.63m,984
22,02/24/15,15.74,16.00,15.492,15.80,235974,0.027728,0.19%,14.604,3.74m,1173
23,02/23/15,15.70,15.77,15.45,15.77,78483,0.064702,0.45%,14.5762,1.23m,763
24,02/20/15,15.67,15.75,15.39,15.70,131866,0.036973,0.26%,14.5115,2.07m,865
25,02/19/15,15.55,15.74,15.42,15.66,77952,0.083186,0.58%,14.4746,1.22m,695
26,02/18/15,15.61,15.68,15.48,15.57,105539,-0.101673,-0.70%,14.3914,1.64m,777
27,02/17/15,15.63,15.70,15.53,15.68,85318,0.046216,0.32%,14.4931,1.34m,805
28,02/16/15,,,,15.63,0,,0.00%,14.4468,,
29,02/13/15,15.76,15.83,15.59,15.63,179270,-0.12016,-0.82%,14.4468,2.81m,1133
30,02/12/15,15.63,15.82,15.6099,15.76,117966,0.221834,1.55%,14.567,1.86m,896
31,02/11/15,15.59,15.64,15.42,15.52,203804,-0.083187,-0.58%,14.3452,3.16m,1370
32,02/10/15,15.63,15.65,15.2901,15.61,164834,0.138644,0.97%,14.4284,2.56m,1273
33,02/09/15,15.66,15.72,15.44,15.46,88523,-0.221833,-1.53%,14.2897,1.38m,644
34,02/06/15,15.54,15.76,15.54,15.70,172380,0.21259,1.49%,14.5115,2.71m,813
35,02/05/15,15.42,15.60,15.38,15.47,190033,0.129403,0.91%,14.299,2.94m,1319
36,02/04/15,15.32,15.57,15.29,15.33,123421,-0.02773,-0.20%,14.1695,1.9m,784
37,02/03/15,15.13,15.47,15.13,15.36,189406,0.305021,2.20%,14.1973,2.9m,1264
38,02/02/15,14.80,15.08,14.76,15.03,149614,0.24956,1.83%,13.8923,2.24m,1268
39,01/30/15,14.98,15.17,14.73,14.76,207982,-0.415935,-2.96%,13.6427,3.09m,1332
40,01/29/15,14.78,15.23,14.73,15.21,223265,0.341993,2.49%,14.0586,3.35m,1346
41,01/28/15,15.80,15.80,14.93,14.98,148210,-0.293011,-2.09%,13.7166,2.24m,1247
42,01/27/15,15.35,15.47,15.20,15.30,89282,-0.128193,-0.91%,14.0096,1.37m,730
43,01/26/15,15.31,15.46,15.08,15.44,79826,0.137349,0.98%,14.1378,1.23m,691
44,01/23/15,15.66,15.66,15.22,15.29,80854,-0.283853,-1.99%,14.0005,1.24m,676
45,01/22/15,15.11,15.61,15.02,15.60,154272,0.558552,4.07%,14.2843,2.36m,1268
46,01/21/15,15.04,15.19,14.85,14.99,138202,-0.05494,-0.40%,13.7258,2.08m,1073
47,01/20/15,15.35,15.49,14.98,15.05,236263,-0.219759,-1.57%,13.7807,3.56m,1765
48,01/19/15,,,,15.29,0,,0.00%,14.0005,,
49,01/16/15,15.14,15.485,15.09,15.29,135601,0.091568,0.66%,14.0005,2.07m,1222
50,01/15/15,15.25,15.3699,15.08,15.19,174062,-0.045783,-0.33%,13.9089,2.65m,1092
51,01/14/15,15.32,15.38,15.08,15.24,138189,-0.201447,-1.42%,13.9547,2.1m,1049
52,01/13/15,15.45,15.79,15.27,15.46,141191,0.045783,0.32%,14.1562,2.18m,928
53,01/12/15,15.48,15.50,15.29,15.41,93163,-0.036626,-0.26%,14.1104,1.43m,726
54,01/09/15,15.71,15.71,15.40,15.45,92224,-0.2747,-1.90%,14.147,1.43m,765
55,01/08/15,15.77,15.85,15.57,15.75,134633,0.109879,0.77%,14.4217,2.12m,1008
56,01/07/15,15.74,15.74,15.45,15.63,92938,0.05494,0.39%,14.3118,1.45m,779
57,01/06/15,15.95,15.95,15.50,15.57,110680,-0.283855,-1.95%,14.2569,1.73m,987
58,01/05/15,15.98,16.11,15.81,15.88,149430,-0.128192,-0.87%,14.5407,2.38m,1159
59,01/02/15,16.38,16.49,15.86,16.02,76825,-0.238072,-1.60%,14.6689,1.23m,718
60,01/01/15,,,,16.28,0,,0.00%,14.907,,
61,12/31/14,16.58,16.63,16.27,16.28,130804,-0.247229,-1.63%,14.907,2.15m,1289
62,12/30/14,16.33,16.55,16.30,16.55,120115,0.192288,1.29%,15.1542,1.98m,942
63,12/29/14,16.24,16.50,16.23,16.34,225090,0.128194,0.86%,14.9619,3.68m,2048
64,12/26/14,16.18,16.32,16.1315,16.20,63495,0.100722,0.68%,14.8337,1.03m,472
65,12/25/14,,,,16.09,0,,0.00%,14.733,,
66,12/24/14,16.11,16.23,15.99,16.09,41990,-0.009156,-0.06%,14.733,675.85k,376
67,12/23/14,16.00,16.17,15.92,16.10,173892,0.073253,0.50%,14.7422,2.79m,1349
68,12/22/14,15.90,16.1404,15.90,16.02,150076,0.036626,0.25%,14.6689,2.41m,1093
69,12/19/14,15.95,16.07,15.80,15.98,376280,-0.004578,-0.03%,14.6323,6.01m,1060
70,12/18/14,16.01,16.04,15.831,15.985,143037,0.077831,0.53%,14.6369,2.28m,995
71,12/17/14,15.61,16.00,15.51,15.90,155192,0.311327,2.19%,14.559,2.46m,1279
72,12/16/14,15.38,15.97,15.33,15.56,317891,0.109878,0.78%,14.2477,4.98m,2203
73,12/15/14,15.51,15.74,15.44,15.44,188539,-0.009156,-0.06%,14.1378,2.93m,1868
74,12/12/14,15.38,15.60,15.38,15.45,167015,-0.08241,-0.58%,14.147,2.58m,1420
75,12/11/14,15.50,15.77,15.50,15.54,118609,0.091566,0.65%,14.2294,1.85m,970
76,12/10/14,15.64,15.71,15.42,15.44,233017,-0.219761,-1.53%,14.1378,3.63m,1900
77,12/09/14,15.18,15.69,15.18,15.68,175733,0.311328,2.22%,14.3576,2.73m,1176
78,12/08/14,15.36,15.64,15.25,15.34,97355,-0.045783,-0.32%,14.0463,1.5m,888
79,12/05/14,15.30,15.69,15.26,15.39,177515,0.100723,0.72%,14.0921,2.73m,1282
80,12/04/14,15.16,15.47,15.06,15.28,145047,0.073251,0.53%,13.9913,2.21m,1298
81,12/03/14,15.17,15.36,15.00,15.20,115637,0.091567,0.66%,13.9181,1.76m,999
82,12/02/14,14.98,15.28,14.98,15.10,116060,0.109879,0.80%,13.8265,1.76m,933
83,12/01/14,15.21,15.21,14.95,14.98,117795,-0.155662,-1.12%,13.7166,1.77m,845
84,11/28/14,15.44,15.445,15.12,15.15,44592,-0.228914,-1.62%,13.8723,681.43k,370
85,11/27/14,,,,15.40,0,,0.00%,14.1012,,
86,11/26/14,15.45,15.46,15.29,15.40,95066,0.00,0.00%,14.1012,1.46m,732
87,11/25/14,15.46,15.59,15.30,15.40,108932,0.00,0.00%,14.1012,1.68m,651
88,11/24/14,15.18,15.4475,15.078,15.40,173167,0.192289,1.38%,14.1012,2.66m,1142
89,11/21/14,15.53,15.63,15.14,15.19,135597,-0.173978,-1.24%,13.9089,2.08m,987
90,11/20/14,15.13,15.39,15.06,15.38,83228,0.155663,1.12%,14.0829,1.27m,805
91,11/19/14,15.43,15.43,15.10,15.21,79598,-0.201446,-1.43%,13.9272,1.21m,944
92,11/18/14,15.47,15.59,15.42,15.43,138149,-0.08241,-0.58%,14.1287,2.14m,1026
93,11/17/14,15.60,15.6599,15.47,15.52,79557,-0.07325,-0.51%,14.2111,1.24m,723
94,11/14/14,15.83,15.83,15.59,15.60,130421,-0.183135,-1.27%,14.2843,2.05m,975
95,11/13/14,15.95,15.95,15.648,15.80,126622,-0.073253,-0.50%,14.4675,2m,1071
96,11/12/14,15.48,15.91,15.48,15.88,109794,0.283855,1.99%,14.5407,1.73m,921
97,11/11/14,15.45,15.59,15.41,15.57,185574,0.091567,0.65%,14.2569,2.88m,1345
98,11/10/14,15.45,15.51,15.35,15.47,114497,0.02747,0.19%,14.1653,1.77m,962
99,11/07/14,15.45,15.52,15.30,15.44,155482,-0.036626,-0.26%,14.1378,2.4m,1043
100,11/06/14,15.35,15.60,15.32,15.48,164379,0.100722,0.72%,14.1745,2.54m,1353
101,11/05/14,15.58,15.60,15.29,15.37,133581,-0.064096,-0.45%,14.0737,2.06m,1075
102,11/04/14,15.45,15.60,15.20,15.44,119512,0.000001,0.00%,14.1378,1.84m,1186
103,11/03/14,15.72,15.79,15.52,15.58,166683,-0.154264,-1.08%,14.1378,2.61m,1191
104,10/31/14,15.70,15.85,15.425,15.75,260960,0.217785,1.55%,14.2921,4.1m,1749
105,10/30/14,15.34,15.55,15.08,15.51,179771,0.136116,0.98%,14.0743,2.78m,1173
106,10/29/14,15.38,15.50,15.26,15.36,198103,0.018148,0.13%,13.9382,3.04m,1583
107,10/28/14,15.20,15.37,15.052,15.34,171972,0.217786,1.59%,13.9201,2.62m,1425
108,10/27/14,15.03,15.25,14.96,15.10,132438,0.06352,0.47%,13.7023,2m,1149
109,10/24/14,14.87,15.50,14.74,15.03,141849,0.362973,2.73%,13.6388,2.13m,873
110,10/23/14,14.66,14.86,14.54,14.63,94362,0.117966,0.90%,13.2758,1.39m,841
111,10/22/14,14.40,14.78,14.40,14.50,76987,-0.117966,-0.89%,13.1578,1.12m,755
112,10/21/14,14.61,14.97,14.59,14.63,60851,0.108891,0.83%,13.2758,890.57k,542
113,10/20/14,14.30,14.51,14.25,14.51,117490,0.181487,1.40%,13.1669,1.69m,951
114,10/17/14,14.80,14.81,14.30,14.31,90303,-0.272229,-2.05%,12.9854,1.31m,621
115,10/16/14,14.35,14.71,14.23,14.61,99065,0.154266,1.18%,13.2576,1.44m,881
116,10/15/14,14.59,14.60,14.06,14.44,183163,-0.235936,-1.77%,13.1034,2.62m,1414
117,10/14/14,14.71,14.94,14.62,14.70,110125,0.117968,0.89%,13.3393,1.63m,1131
118,10/13/14,14.27,14.75,14.2075,14.57,98882,0.290378,2.25%,13.2213,1.44m,977
119,10/10/14,14.09,14.50,14.09,14.25,91365,0.072597,0.56%,12.931,1.31m,804
120,10/09/14,14.45,14.53,14.10,14.17,165541,-0.263157,-2.01%,12.8584,2.35m,1326
121,10/08/14,14.05,14.48,14.02,14.46,154230,0.372047,2.92%,13.1215,2.19m,1292
122,10/07/14,14.20,14.20,14.03,14.05,89462,-0.154263,-1.20%,12.7495,1.26m,956
123,10/06/14,14.36,14.40,14.21,14.22,68245,-0.136115,-1.04%,12.9037,975.59k,617
124,10/03/14,14.52,14.56,14.36,14.37,68004,-0.018152,-0.14%,13.0398,982.6k,697
125,10/02/14,14.30,14.45,14.30,14.39,85111,0.127043,0.98%,13.058,1.22m,651
126,10/01/14,14.37,14.50,14.25,14.25,111683,-0.136115,-1.04%,12.931,1.6m,1071
127,09/30/14,14.40,14.60,14.30,14.40,227782,0.054448,0.42%,13.0671,3.29m,1426
128,09/29/14,14.30,14.5099,14.29,14.34,100068,-0.081671,-0.62%,13.0126,1.44m,898
129,09/26/14,14.54,14.66,14.23,14.43,82341,-0.090742,-0.69%,13.0943,1.19m,655
130,09/25/14,14.55,14.679,14.47,14.53,213554,-0.063522,-0.48%,13.185,3.11m,1158
131,09/24/14,14.66,14.66,14.41,14.60,229675,0.009074,0.07%,13.2486,3.33m,1125
132,09/23/14,14.81,14.83,14.56,14.59,93377,-0.199635,-1.49%,13.2395,1.37m,716
133,09/22/14,14.87,14.88,14.77,14.81,93718,-0.108891,-0.80%,13.4391,1.39m,645
134,09/19/14,15.05,15.19,14.86,14.93,256673,-0.099821,-0.73%,13.548,3.85m,1134
135,09/18/14,15.11,15.18,15.03,15.04,172296,-0.045369,-0.33%,13.6478,2.59m,1072
136,09/17/14,15.10,15.21,15.035,15.09,126795,-0.009074,-0.07%,13.6932,1.92m,1128
137,09/16/14,15.24,15.33,15.09,15.10,74044,-0.117967,-0.85%,13.7023,1.12m,568
138,09/15/14,15.40,15.40,15.19,15.23,64905,-0.099819,-0.72%,13.8202,991.58k,675
139,09/12/14,15.50,15.54,15.19,15.34,77880,-0.099816,-0.71%,13.9201,1.2m,621
140,09/11/14,15.19,15.46,15.19,15.45,70782,0.136113,0.98%,14.0199,1.09m,652
141,09/10/14,15.13,15.32,15.01,15.30,63561,0.136116,0.99%,13.8838,968.9k,425
142,09/09/14,15.33,15.38,15.09,15.15,92770,-0.22686,-1.62%,13.7476,1.41m,834
143,09/08/14,15.37,15.422,15.23,15.40,36413,0.045373,0.33%,13.9745,558.89k,397
144,09/05/14,15.24,15.37,15.204,15.35,52024,0.027223,0.20%,13.9291,796.38k,640
145,09/04/14,15.51,15.58,15.30,15.32,36279,-0.099818,-0.71%,13.9019,558.83k,411
146,09/03/14,15.71,15.71,15.37,15.43,70939,-0.163339,-1.15%,14.0017,1.1m,796
147,09/02/14,15.52,15.67,15.29,15.61,67306,0.154265,1.10%,14.1651,1.05m,749
148,09/01/14,,,,15.44,0,,0.00%,14.0108,,
149,08/29/14,15.38,15.54,15.29,15.44,58270,0.072595,0.52%,14.0108,898.15k,485
150,08/28/14,15.42,15.46,15.30,15.36,65683,-0.09982,-0.71%,13.9382,1.01m,726
1,08/27/14,15.57,15.57,15.43,15.47,59732,-0.063518,-0.45%,14.038,924.88k,573
2,08/26/14,15.44,15.61,15.39,15.54,131422,0.154263,1.11%,14.1015,2.04m,1010
3,08/25/14,15.41,15.42,15.19,15.37,119362,0.027223,0.20%,13.9473,1.83m,1098
4,08/22/14,15.40,15.45,15.29,15.34,74017,-0.036296,-0.26%,13.9201,1.14m,699
5,08/21/14,15.23,15.45,15.12,15.38,155123,0.117965,0.85%,13.9564,2.38m,1189
6,08/20/14,15.26,15.35,15.18,15.25,110300,-0.027223,-0.20%,13.8384,1.68m,1361
7,08/19/14,15.15,15.29,15.145,15.28,137423,0.145189,1.06%,13.8656,2.09m,1283
8,08/18/14,15.08,15.19,15.03,15.12,96289,0.127042,0.93%,13.7204,1.45m,885
9,08/15/14,15.21,15.23,14.81,14.98,145328,-0.072594,-0.53%,13.5934,2.18m,1109
10,08/14/14,15.15,15.15,15.03,15.06,54634,-0.063522,-0.46%,13.666,824.45k,519
11,08/13/14,15.14,15.21,15.02,15.13,58034,0.072595,0.53%,13.7295,878.49k,573
12,08/12/14,15.02,15.25,14.95,15.05,64759,-0.054447,-0.40%,13.6569,975.42k,728
13,08/11/14,15.10,15.20,15.05,15.11,73072,0.072597,0.53%,13.7113,1.11m,714
14,08/08/14,14.96,15.16,14.93,15.03,171341,0.054443,0.40%,13.6388,2.58m,1292
15,08/07/14,15.14,15.20,14.93,14.97,71258,-0.108889,-0.80%,13.5843,1.07m,859
16,08/06/14,14.92,15.20,14.92,15.09,83868,0.090742,0.67%,13.6932,1.26m,714
17,08/05/14,14.92,15.07,14.88,14.99,78721,0.018147,0.13%,13.6025,1.18m,732
18,08/04/14,14.94,15.05,14.81,14.97,176665,0.090743,0.67%,13.5843,2.63m,1574
19,08/01/14,15.18,15.25,14.95,15.01,123209,-0.098885,-0.73%,13.4936,1.85m,892
20,07/31/14,15.35,15.52,15.12,15.12,118922,-0.296661,-2.14%,13.5924,1.81m,1001
21,07/30/14,15.47,15.67,15.372,15.45,96676,0.071918,0.52%,13.8891,1.5m,955
22,07/29/14,15.41,15.52,15.33,15.37,60842,0.00899,0.07%,13.8172,937.25k,580
23,07/28/14,15.45,15.55,15.33,15.36,154481,-0.053938,-0.39%,13.8082,2.38m,1274
24,07/25/14,15.31,15.78,15.31,15.42,134926,-0.062929,-0.45%,13.8621,2.09m,1302
25,07/24/14,15.45,15.58,15.20,15.49,142766,0.116867,0.85%,13.9251,2.2m,1286
26,07/23/14,15.25,15.41,15.25,15.36,80057,0.098885,0.72%,13.8082,1.23m,929
27,07/22/14,15.40,15.41,15.18,15.25,72868,0.00,0.00%,13.7093,1.11m,541
28,07/21/14,15.23,15.3999,15.15,15.25,56837,-0.098885,-0.72%,13.7093,865.45k,516
29,07/18/14,15.17,15.41,15.16,15.36,113081,0.134846,0.99%,13.8082,1.73m,1021
30,07/17/14,15.50,15.52,15.19,15.21,109861,-0.3506,-2.50%,13.6734,1.68m,1083
31,07/16/14,15.75,15.75,15.4101,15.60,152859,-0.035959,-0.26%,14.024,2.38m,1205
32,07/15/14,15.58,15.7899,15.57,15.64,173466,-0.017979,-0.13%,14.0599,2.71m,2135
33,07/14/14,15.63,15.80,15.58,15.66,130864,0.089896,0.64%,14.0779,2.05m,974
34,07/11/14,15.49,15.60,15.46,15.56,149139,0.008992,0.06%,13.988,2.32m,1098
35,07/10/14,15.36,15.70,15.30,15.55,243388,0.008989,0.06%,13.979,3.76m,1972
36,07/09/14,15.75,15.79,15.51,15.54,77098,-0.125857,-0.89%,13.97,1.2m,517
37,07/08/14,15.80,15.80,15.61,15.68,112058,-0.116865,-0.82%,14.0959,1.76m,908
38,07/07/14,15.87,15.87,15.72,15.81,86901,-0.071916,-0.50%,14.2127,1.37m,804
39,07/04/14,,,,15.89,0,,0.00%,14.2847,,
40,07/03/14,15.73,15.96,15.73,15.89,42298,0.170801,1.21%,14.2847,671.81k,476
41,07/02/14,15.84,15.895,15.65,15.70,119228,-0.161814,-1.13%,14.1139,1.88m,1135
42,07/01/14,15.80,16.22,15.80,15.88,235123,0.080907,0.57%,14.2757,3.76m,1908
43,06/30/14,15.99,15.99,15.73,15.79,120829,-0.170805,-1.19%,14.1948,1.91m,1062
44,06/27/14,15.65,16.05,15.65,15.98,298911,0.206764,1.46%,14.3656,4.98m,1158
45,06/26/14,15.74,15.87,15.6101,15.75,58746,0.00,0.00%,14.1588,924.6k,552
46,06/25/14,15.66,15.77,15.60,15.75,70965,0.053939,0.38%,14.1588,1.12m,995
47,06/24/14,15.70,16.01,15.69,15.69,207345,-0.01798,-0.13%,14.1049,3.28m,1467
48,06/23/14,15.65,15.76,15.57,15.71,154167,0.071919,0.51%,14.1228,2.41m,1056
49,06/20/14,15.41,15.66,15.31,15.63,365059,0.27868,2.02%,14.0509,5.67m,1215
50,06/19/14,15.50,15.50,15.29,15.32,41986,-0.143835,-1.03%,13.7722,644.64k,400
51,06/18/14,15.55,15.55,15.30,15.48,73444,-0.02697,-0.19%,13.9161,1.13m,681
52,06/17/14,15.30,15.66,15.30,15.51,99996,0.143836,1.04%,13.943,1.55m,1052
53,06/16/14,15.37,15.43,15.25,15.35,72846,-0.044948,-0.32%,13.7992,1.12m,631
54,06/13/14,15.39,15.49,15.29,15.40,102201,0.089897,0.65%,13.8442,1.57m,901
55,06/12/14,15.42,15.50,15.26,15.30,71315,-0.107876,-0.78%,13.7543,1.09m,849
56,06/11/14,15.44,15.48,15.2325,15.42,116807,-0.107877,-0.77%,13.8621,1.8m,1050
57,06/10/14,15.59,15.70,15.51,15.54,45334,-0.161816,-1.15%,13.97,705.6k,568
58,06/09/14,15.64,15.76,15.3801,15.72,113499,0.053939,0.38%,14.1318,1.78m,914
59,06/06/14,15.51,15.71,15.49,15.66,131647,0.179793,1.29%,14.0779,2.06m,1087
60,06/05/14,15.06,15.51,14.99,15.46,92581,0.359591,2.66%,13.8981,1.42m,1280
61,06/04/14,14.93,15.091,14.91,15.06,79394,0.089896,0.67%,13.5385,1.19m,935
62,06/03/14,15.03,15.15,14.85,14.96,132994,-0.098886,-0.73%,13.4486,1.99m,1198
63,06/02/14,15.15,15.30,14.89,15.07,93436,-0.044949,-0.33%,13.5475,1.41m,719
64,05/30/14,15.33,15.42,15.10,15.12,135384,-0.143836,-1.05%,13.5924,2.05m,1056
65,05/29/14,15.30,15.32,15.16,15.28,66441,0.080906,0.59%,13.7363,1.01m,659
66,05/28/14,15.11,15.25,15.00,15.19,112566,0.089898,0.66%,13.6554,1.71m,968
67,05/27/14,15.13,15.25,14.95,15.09,289149,0.035959,0.27%,13.5655,4.36m,2022
68,05/26/14,,,,15.05,0,,0.00%,13.5295,,
69,05/23/14,15.00,15.08,14.98,15.05,189928,0.017981,0.13%,13.5295,2.88m,1357
70,05/22/14,15.15,15.15,15.01,15.03,206355,-0.017981,-0.13%,13.5115,3.14m,1749
71,05/21/14,15.05,15.20,14.92,15.05,338353,0.00,0.00%,13.5295,5.09m,2096
72,05/20/14,15.21,15.21,14.99,15.05,214678,-0.116864,-0.86%,13.5295,3.23m,1725
73,05/19/14,15.05,15.305,15.03,15.18,220362,0.134845,1.00%,13.6464,3.34m,1508
74,05/16/14,14.96,15.07,14.90,15.03,191303,0.026968,0.20%,13.5115,2.87m,1170
75,05/15/14,15.14,15.1725,14.77,15.00,215246,-0.242722,-1.77%,13.4846,3.22m,2035
76,05/14/14,15.71,15.71,15.24,15.27,355458,-0.422516,-2.99%,13.7273,5.47m,1799
77,05/13/14,16.05,16.05,15.70,15.74,124255,-0.269692,-1.87%,14.1498,1.96m,720
78,05/12/14,15.85,16.08,15.74,16.04,164167,0.215755,1.52%,14.4195,2.63m,1485
79,05/09/14,15.39,15.82,15.35,15.80,97576,0.269689,1.94%,14.2037,1.53m,842
80,05/08/14,15.56,15.809,15.45,15.50,90577,-0.107876,-0.77%,13.9341,1.41m,762
81,05/07/14,15.67,15.705,15.53,15.62,131122,-0.008989,-0.06%,14.0419,2.05m,1140
82,05/06/14,15.67,15.92,15.57,15.63,213170,-0.125858,-0.89%,14.0509,3.34m,1123
83,05/05/14,15.73,15.852,15.57,15.77,137477,-0.125856,-0.88%,14.1768,2.16m,1166
84,05/02/14,15.87,16.15,15.78,15.91,129031,0.017989,0.13%,14.3026,2.06m,1286
85,05/01/14,16.30,16.30,15.90,16.03,346931,-0.240607,-1.66%,14.2846,5.58m,2386
86,04/30/14,16.11,16.50,15.99,16.30,172310,0.080202,0.56%,14.5253,2.81m,1285
87,04/29/14,16.23,16.44,16.13,16.21,213644,0.026733,0.19%,14.4451,3.47m,1907
88,04/28/14,16.29,16.44,16.04,16.18,186824,-0.089111,-0.61%,14.4183,3.02m,1436
89,04/25/14,16.38,16.50,16.15,16.28,210132,-0.178225,-1.21%,14.5074,3.43m,1524
90,04/24/14,16.79,16.816,16.41,16.48,88457,-0.204958,-1.38%,14.6857,1.46m,886
91,04/23/14,16.72,16.81,16.63,16.71,104743,-0.00891,-0.06%,14.8906,1.75m,990
92,04/22/14,16.55,16.78,16.50,16.72,61762,0.169312,1.15%,14.8995,1.03m,565
93,04/21/14,16.64,16.68,16.47,16.53,45710,-0.133667,-0.90%,14.7302,756.35k,668
94,04/18/14,,,,16.68,0,,0.00%,14.8639,,
95,04/17/14,16.51,16.71,16.50,16.68,65889,0.0802,0.54%,14.8639,1.1m,583
96,04/16/14,16.69,16.69,16.46,16.59,57947,0.053467,0.36%,14.7837,960.56k,630
97,04/15/14,16.62,16.65,16.33,16.53,101948,-0.053467,-0.36%,14.7302,1.68m,937
98,04/14/14,16.68,16.82,16.44,16.59,94611,0.071289,0.48%,14.7837,1.57m,1038
99,04/11/14,16.49,16.62,16.34,16.51,145730,-0.008911,-0.06%,14.7124,2.4m,1227
100,04/10/14,16.88,16.88,16.52,16.52,92396,-0.383179,-2.54%,14.7213,1.58m,948
101,04/09/14,17.02,17.02,16.84,16.95,74866,0.00,0.00%,15.1045,1.27m,754
102,04/08/14,16.81,17.13,16.81,16.95,94405,0.089109,0.59%,15.1045,1.6m,936
103,04/07/14,16.97,17.122,16.65,16.85,151614,-0.09802,-0.65%,15.0154,2.56m,1178
104,04/04/14,17.49,17.49,16.85,16.96,106251,-0.329718,-2.14%,15.1134,1.81m,1004
105,04/03/14,17.52,17.52,17.22,17.33,108825,-0.133666,-0.86%,15.4431,1.88m,981
106,04/02/14,17.45,17.50,17.218,17.48,133941,0.00891,0.06%,15.5768,2.34m,1035
107,04/01/14,17.09,17.53,16.73,17.47,151616,0.436648,2.89%,15.5679,2.62m,1339
108,03/31/14,16.85,17.08,16.694,16.98,168749,0.240603,1.62%,15.1312,2.86m,1286
109,03/28/14,16.67,17.06,16.518,16.71,86890,0.017823,0.12%,14.8906,1.51m,780
110,03/27/14,16.99,17.09,16.59,16.69,158865,-0.213869,-1.42%,14.8728,2.7m,1342
111,03/26/14,17.38,17.41,16.93,16.93,99209,-0.311891,-2.03%,15.0867,1.69m,971
112,03/25/14,17.49,17.55,17.218,17.28,91881,-0.071289,-0.46%,15.3986,1.59m,954
113,03/24/14,17.56,17.71,17.32,17.36,81984,-0.106935,-0.69%,15.4698,1.43m,901
114,03/21/14,17.76,18.23,17.26,17.48,353756,-0.169313,-1.08%,15.5768,4.09m,1890
115,03/20/14,17.51,17.87,17.51,17.67,110998,0.115846,0.74%,15.7461,1.96m,1057
116,03/19/14,17.56,17.70,17.2974,17.54,54320,-0.017821,-0.11%,15.6302,940.16k,610
117,03/18/14,17.40,17.61,17.35,17.56,90907,0.213867,1.39%,15.6481,1.59m,913
118,03/17/14,17.21,17.40,17.07,17.32,81053,0.160402,1.05%,15.4342,1.4m,691
119,03/14/14,17.03,17.20,16.884,17.14,60793,0.098024,0.65%,15.2738,1.04m,788
120,03/13/14,17.26,17.29,16.908,17.03,101796,-0.142581,-0.93%,15.1758,1.74m,822
121,03/12/14,17.08,17.29,16.908,17.19,96315,0.035646,0.23%,15.3184,1.65m,752
122,03/11/14,17.35,17.35,16.996,17.15,63127,-0.142581,-0.92%,15.2827,1.08m,665
123,03/10/14,17.25,17.36,17.09,17.31,87604,0.044558,0.29%,15.4253,1.51m,719
124,03/07/14,17.26,17.33,16.966,17.26,121841,0.098023,0.64%,15.3807,2.1m,775
125,03/06/14,17.12,17.24,16.952,17.15,116908,0.035644,0.23%,15.2827,2m,830
126,03/05/14,17.10,17.38,16.772,17.11,140117,-0.044556,-0.29%,15.2471,2.39m,1023
127,03/04/14,16.83,17.28,16.31,17.16,222359,0.507938,3.44%,15.2916,3.93m,1605
128,03/03/14,16.65,16.78,16.202,16.59,78336,-0.187134,-1.25%,14.7837,1.3m,812
129,02/28/14,16.65,16.87,16.41,16.80,218562,0.187134,1.27%,14.9708,3.76m,1217
130,02/27/14,16.50,16.626,16.328,16.59,80490,0.053467,0.36%,14.7837,1.33m,731
131,02/26/14,16.41,16.688,16.40,16.53,87630,0.151491,1.04%,14.7302,1.45m,866
132,02/25/14,16.39,16.47,16.22,16.36,89564,-0.017823,-0.12%,14.5787,1.46m,795
133,02/24/14,16.08,16.53,16.08,16.38,174939,0.240604,1.68%,14.5965,2.87m,1552
134,02/21/14,16.05,16.2099,15.95,16.11,176287,0.133667,0.94%,14.3559,2.83m,881
135,02/20/14,15.97,16.145,15.73,15.96,148081,0.089112,0.63%,14.2223,2.37m,1427
136,02/19/14,16.32,16.34,15.81,15.86,107759,-0.392094,-2.70%,14.1332,1.72m,1265
137,02/18/14,16.17,16.36,16.048,16.30,162853,0.14258,0.99%,14.5253,2.65m,623
138,02/17/14,,,,16.14,0,,0.00%,14.3827,,
139,02/14/14,16.04,16.18,15.872,16.14,58377,0.098027,0.69%,14.3827,938.43k,453
140,02/13/14,15.80,16.04,15.69,16.03,45906,0.133665,0.94%,14.2846,731.75k,452
141,02/12/14,15.83,16.04,15.75,15.88,145515,0.017822,0.13%,14.151,2.31m,729
142,02/11/14,15.69,15.93,15.63,15.86,67704,0.187135,1.34%,14.1332,1.07m,755
143,02/10/14,15.63,15.92,15.456,15.65,95984,-0.017823,-0.13%,13.946,1.5m,993
144,02/07/14,15.54,15.72,15.46,15.67,195255,0.142578,1.03%,13.9638,3.04m,1057
145,02/06/14,15.63,15.63,15.43,15.51,151352,-0.09802,-0.70%,13.8213,2.35m,1186
146,02/05/14,15.83,15.85,15.59,15.62,120459,-0.231692,-1.64%,13.9193,1.89m,971
147,02/04/14,15.98,16.04,15.794,15.88,125068,0.017822,0.13%,14.151,1.99m,1027
148,02/03/14,16.28,16.43,15.82,16.00,242377,-0.30033,-2.08%,14.1332,3.89m,1748
149,01/31/14,16.50,16.648,16.26,16.34,179999,-0.335662,-2.27%,14.4335,2.95m,1508
150,01/30/14,16.65,16.90,16.37,16.72,121494,0.132498,0.91%,14.7692,2.03m,1138
1,01/29/14,16.69,17.45,16.51,16.57,109092,-0.211998,-1.43%,14.6367,1.82m,1175
2,01/28/14,16.66,16.875,16.52,16.81,152293,0.158999,1.08%,14.8487,2.55m,1154
3,01/27/14,16.91,17.0395,16.60,16.63,105576,-0.256165,-1.71%,14.6897,1.75m,929
4,01/24/14,17.08,17.135,16.80,16.92,118099,-0.203165,-1.34%,14.9458,2m,1126
5,01/23/14,17.25,17.34,17.04,17.15,148608,-0.088332,-0.58%,15.149,2.55m,1176
6,01/22/14,17.19,17.275,17.12,17.25,42008,0.053,0.35%,15.2373,723.41k,443
7,01/21/14,16.98,17.25,16.98,17.19,73650,0.264999,1.78%,15.1843,1.26m,631
8,01/20/14,,,,16.89,0,,0.00%,14.9193,,
9,01/17/14,16.91,16.99,16.76,16.89,86729,0.008831,0.06%,14.9193,1.46m,801
10,01/16/14,17.13,17.13,16.84,16.88,97713,-0.238498,-1.57%,14.9105,1.66m,927
11,01/15/14,16.97,17.285,16.92,17.15,313821,0.212001,1.42%,15.149,5.38m,1285
12,01/14/14,16.91,17.00,16.81,16.91,99805,0.008831,0.06%,14.937,1.69m,1088
13,01/13/14,16.87,16.92,16.72,16.90,133562,0.017666,0.12%,14.9282,2.25m,1203
14,01/10/14,16.61,16.89,16.55,16.88,153036,0.273831,1.87%,14.9105,2.56m,1259
15,01/09/14,16.73,16.74,16.53,16.57,195623,-0.132498,-0.90%,14.6367,3.25m,1466
16,01/08/14,16.80,16.84,16.64,16.72,135040,-0.105998,-0.71%,14.7692,2.26m,1001
17,01/07/14,16.85,16.92,16.72,16.84,71740,0.079496,0.54%,14.8752,1.21m,820
18,01/06/14,16.78,16.85,16.62,16.75,112968,0.044168,0.30%,14.7957,1.9m,1220
19,01/03/14,16.69,16.82,16.64,16.70,82095,0.017668,0.12%,14.7515,1.37m,510
20,01/02/14,16.86,16.87,16.62,16.68,58446,-0.212,-1.42%,14.7338,977.81k,590
21,01/01/14,,,,16.92,0,,0.00%,14.9458,,
22,12/31/13,16.96,17.01,16.85,16.92,76307,-0.017667,-0.12%,14.9458,1.29m,698
23,12/30/13,17.03,17.03,16.92,16.94,40040,-0.114831,-0.76%,14.9635,679.78k,411
24,12/27/13,17.07,17.09,16.83,17.07,56710,0.070665,0.47%,15.0783,963.81k,611
25,12/26/13,17.10,17.148,16.99,16.99,67507,-0.079498,-0.53%,15.0077,1.16m,479
26,12/25/13,,,,17.08,0,,0.00%,15.0872,,
27,12/24/13,17.10,17.13,16.93,17.08,56828,0.017668,0.12%,15.0872,970.03k,563
28,12/23/13,16.91,17.099,16.8041,17.06,115770,0.229664,1.55%,15.0695,1.97m,936
29,12/20/13,16.70,16.93,16.67,16.80,396822,0.158997,1.08%,14.8398,6.66m,1331
30,12/19/13,16.72,16.75,16.57,16.62,52181,-0.088332,-0.60%,14.6808,868.98k,640
31,12/18/13,16.46,16.75,16.27,16.72,85474,0.211995,1.46%,14.7692,1.42m,800
32,12/17/13,16.55,16.55,16.26,16.48,84389,-0.044165,-0.30%,14.5572,1.39m,600
33,12/16/13,16.25,16.67,16.24,16.53,139046,0.273832,1.91%,14.6013,2.28m,996
34,12/13/13,16.35,16.51,16.14,16.22,97115,-0.053002,-0.37%,14.3275,1.58m,779
35,12/12/13,16.22,16.40,16.16,16.28,64003,0.035336,0.25%,14.3805,1.04m,551
36,12/11/13,16.29,16.38,16.08,16.24,105031,0.00,0.00%,14.3452,1.7m,902
37,12/10/13,16.45,16.52,16.17,16.24,110383,-0.198748,-1.37%,14.3452,1.8m,870
38,12/09/13,16.67,16.67,16.30,16.465,133379,-0.136916,-0.93%,14.5439,2.2m,936
39,12/06/13,16.55,16.75,16.40,16.62,88822,0.22083,1.53%,14.6808,1.48m,550
40,12/05/13,16.25,16.38,16.14,16.37,66066,0.114834,0.80%,14.46,1.08m,531
41,12/04/13,16.36,16.45,16.095,16.24,107261,-0.123667,-0.85%,14.3452,1.75m,672
42,12/03/13,16.48,16.67,16.28,16.38,57510,-0.150165,-1.03%,14.4688,944.3k,347
43,12/02/13,16.82,16.82,16.54,16.55,111055,-0.238497,-1.61%,14.619,1.85m,922
44,11/29/13,16.86,17.03,16.765,16.82,60753,0.035333,0.24%,14.8575,1.06m,373
45,11/28/13,,,,16.78,0,,0.00%,14.8222,,
46,11/27/13,16.58,16.805,16.53,16.78,167992,0.203164,1.39%,14.8222,2.81m,925
47,11/26/13,16.73,16.87,16.51,16.55,225599,-0.150164,-1.02%,14.619,3.75m,1066
48,11/25/13,16.52,16.82,16.21,16.72,157398,0.203164,1.39%,14.7692,2.63m,909
49,11/22/13,16.45,16.56,16.22,16.49,184247,0.00,0.00%,14.566,3.03m,1250
50,11/21/13,16.29,16.56,16.22,16.49,126380,0.203164,1.41%,14.566,2.08m,820
51,11/20/13,16.32,16.37,16.09,16.26,205946,0.017668,0.12%,14.3628,3.36m,653
52,11/19/13,16.30,16.38,16.06,16.24,122286,0.00,0.00%,14.3452,1.99m,812
53,11/18/13,16.33,16.48,16.09,16.24,64114,-0.008837,-0.06%,14.3452,1.05m,488
54,11/15/13,16.25,16.28,15.90,16.25,102363,-0.026499,-0.18%,14.354,1.66m,615
55,11/14/13,16.31,16.41,16.1482,16.28,56290,-0.061831,-0.43%,14.3805,916.59k,316
56,11/13/13,16.27,16.39,16.17,16.35,132443,0.008833,0.06%,14.4423,2.15m,531
57,11/12/13,16.29,16.42,16.14,16.34,65105,-0.035333,-0.24%,14.4335,1.06m,500
58,11/11/13,16.53,16.60,16.29,16.38,127938,-0.194331,-1.33%,14.4688,2.1m,435
59,11/08/13,16.13,16.68,16.13,16.60,90826,0.397496,2.79%,14.6632,1.5m,604
60,11/07/13,16.27,16.32,16.12,16.15,78337,-0.088332,-0.62%,14.2657,1.27m,494
61,11/06/13,16.36,16.4002,16.28,16.39,78140,0.070064,0.49%,14.354,1.28m,356
62,11/05/13,16.22,16.3999,16.16,16.31,54182,-0.026273,-0.18%,14.2839,883.33k,366
63,11/04/13,16.24,16.40,16.05,16.34,109082,0.157641,1.11%,14.3102,1.78m,550
64,11/01/13,16.33,16.415,16.09,16.16,172308,-0.192672,-1.34%,14.1526,2.81m,987
65,10/31/13,16.47,16.51,16.32,16.38,130896,-0.11385,-0.79%,14.3452,2.15m,813
66,10/30/13,16.34,16.64,16.11,16.51,120334,0.131366,0.92%,14.4591,1.98m,850
67,10/29/13,16.59,16.73,16.08,16.36,163541,-0.210186,-1.45%,14.3277,2.67m,1138
68,10/28/13,16.91,17.00,16.06,16.60,209452,-0.455404,-3.04%,14.5379,3.46m,1100
69,10/25/13,17.07,17.13,16.90,17.12,123145,0.096333,0.65%,14.9933,2.1m,750
70,10/24/13,16.99,17.33,16.95,17.01,114372,0.017518,0.12%,14.897,1.95m,831
71,10/23/13,16.93,17.114,16.93,16.99,95185,0.00,0.00%,14.8795,1.62m,628
72,10/22/13,17.22,17.3599,16.94,16.99,131056,-0.131366,-0.88%,14.8795,2.24m,881
73,10/21/13,17.34,17.35,17.14,17.14,131970,-0.140124,-0.92%,15.0108,2.27m,729
74,10/18/13,17.25,17.43,16.90,17.30,167650,0.188289,1.26%,15.1509,2.89m,977
75,10/17/13,16.97,17.12,16.76,17.085,111096,0.100714,0.68%,14.9627,1.9m,567
76,10/16/13,16.89,17.18,16.78,16.97,112999,0.140128,0.95%,14.8619,1.92m,593
77,10/15/13,16.82,16.91,16.78,16.81,61157,-0.017516,-0.12%,14.7218,1.03m,326
78,10/14/13,16.63,16.885,16.595,16.83,66645,0.140123,0.96%,14.7393,1.12m,399
79,10/11/13,16.41,16.74,16.34,16.67,151899,0.192672,1.34%,14.5992,2.52m,1100
80,10/10/13,16.33,16.50,16.32,16.45,123691,0.253975,1.79%,14.4065,2.03m,845
81,10/09/13,16.11,16.31,16.09,16.16,154227,0.061304,0.44%,14.1526,2.5m,1082
82,10/08/13,16.11,16.21,16.03,16.09,79058,-0.052547,-0.37%,14.0913,1.27m,436
83,10/07/13,16.25,16.31,16.14,16.15,90557,-0.201429,-1.40%,14.1438,1.47m,433
84,10/04/13,16.39,16.41,16.37,16.38,85702,-0.052546,-0.36%,14.3452,1.4m,710
85,10/03/13,16.56,16.58,16.42,16.44,99546,-0.105093,-0.72%,14.3978,1.64m,508
86,10/02/13,16.72,16.80,16.555,16.56,185606,-0.236459,-1.60%,14.5029,3.09m,736
87,10/01/13,16.60,16.86,16.511,16.83,71326,0.157639,1.08%,14.7393,1.2m,485
88,09/30/13,16.26,16.72,16.08,16.65,132545,0.210185,1.46%,14.5817,2.2m,581
89,09/27/13,16.38,16.59,16.08,16.41,54384,-0.078819,-0.55%,14.3715,893.71k,434
90,09/26/13,16.63,16.64,16.40,16.50,62087,-0.043787,-0.30%,14.4503,1.02m,418
91,09/25/13,16.73,16.95,15.71,16.55,115449,-0.096337,-0.66%,14.4941,1.93m,877
92,09/24/13,16.50,16.75,16.50,16.66,120759,0.122609,0.85%,14.5904,2.01m,760
93,09/23/13,16.71,16.76,16.48,16.52,138156,-0.218948,-1.49%,14.4678,2.29m,1001
94,09/20/13,16.58,16.88,16.58,16.77,211299,0.175159,1.21%,14.6868,3.54m,679
95,09/19/13,16.73,16.73,16.42,16.57,77063,-0.140123,-0.96%,14.5116,1.28m,575
96,09/18/13,16.70,16.95,16.54,16.73,84010,0.00,0.00%,14.6518,1.41m,547
97,09/17/13,16.54,16.74,16.38,16.73,67259,0.148881,1.03%,14.6518,1.12m,454
98,09/16/13,16.65,16.67,16.45,16.56,110798,0.087575,0.61%,14.5029,1.83m,720
99,09/13/13,16.23,16.47,16.15,16.46,78697,0.271493,1.92%,14.4153,1.29m,609
100,09/12/13,16.40,16.45,16.14,16.15,100607,-0.192671,-1.34%,14.1438,1.64m,639
101,09/11/13,16.46,16.48,16.35,16.37,94979,-0.113851,-0.79%,14.3365,1.56m,730
102,09/10/13,16.52,16.53,16.36,16.50,100825,0.033279,0.23%,14.4503,1.66m,606
103,09/09/13,16.34,16.49,16.25,16.462,118301,0.185665,1.30%,14.417,1.94m,850
104,09/06/13,16.49,16.49,16.08,16.25,308666,-0.148882,-1.04%,14.2314,5.02m,701
105,09/05/13,16.19,16.47,16.15,16.42,138302,0.253976,1.80%,14.3803,2.27m,897
106,09/04/13,16.07,16.28,16.04,16.13,115640,0.026271,0.19%,14.1263,1.87m,780
107,09/03/13,16.07,16.22,15.89,16.10,191981,0.157641,1.13%,14.10,3.07m,1319
108,09/02/13,,,,15.92,0,,0.00%,13.9424,,
109,08/30/13,16.14,16.16,15.88,15.92,160409,-0.192668,-1.36%,13.9424,2.56m,975
110,08/29/13,16.03,16.20,16.02,16.14,75084,0.043787,0.31%,14.135,1.21m,516
111,08/28/13,16.09,16.20,15.97,16.09,84252,0.026274,0.19%,14.0913,1.36m,624
112,08/27/13,16.35,16.46,16.02,16.06,268219,-0.3941,-2.73%,14.065,4.35m,1427
113,08/26/13,16.75,16.7545,16.49,16.51,163293,-0.218948,-1.49%,14.4591,2.72m,1019
114,08/23/13,16.69,16.80,16.395,16.76,135259,0.052549,0.36%,14.678,2.25m,881
115,08/22/13,16.55,16.94,16.55,16.70,59990,0.157641,1.09%,14.6255,1m,333
116,08/21/13,16.68,16.75,16.41,16.52,86127,-0.21019,-1.43%,14.4678,1.43m,700
117,08/20/13,16.51,16.91,16.4024,16.76,98144,0.201431,1.39%,14.678,1.63m,689
118,08/19/13,16.73,16.73,16.52,16.53,68139,-0.192671,-1.31%,14.4766,1.13m,512
119,08/16/13,16.71,16.89,16.62,16.75,115206,-0.035031,-0.24%,14.6693,1.93m,672
120,08/15/13,16.86,16.97,16.67,16.79,165468,-0.227702,-1.52%,14.7043,2.78m,868
121,08/14/13,17.12,17.315,17.01,17.05,98173,-0.096334,-0.64%,14.932,1.68m,569
122,08/13/13,17.40,17.40,16.78,17.16,88519,-0.122608,-0.81%,15.0283,1.52m,584
123,08/12/13,17.17,17.30,17.17,17.30,74312,0.02627,0.17%,15.1509,1.28m,508
124,08/09/13,17.30,17.35,17.17,17.27,63312,-0.02627,-0.17%,15.1247,1.09m,497
125,08/08/13,17.52,17.53,17.26,17.30,55600,-0.140126,-0.92%,15.1509,963.1k,399
126,08/07/13,17.44,17.54,17.39,17.46,48599,-0.026274,-0.17%,15.2911,848.18k,371
127,08/06/13,17.55,17.57,17.31,17.49,91722,-0.096334,-0.62%,15.3173,1.6m,546
128,08/05/13,17.73,17.80,17.47,17.60,152208,-0.131368,-0.85%,15.4137,2.68m,851
129,08/02/13,17.75,17.81,17.60,17.75,147441,0.096336,0.62%,15.545,2.61m,720
130,08/01/13,17.64,17.80,17.56,17.78,179894,0.199843,1.31%,15.4487,3.19m,1034
131,07/31/13,17.50,17.675,17.495,17.55,179318,0.043443,0.29%,15.2489,3.16m,1197
132,07/30/13,17.25,17.60,17.17,17.50,282977,-0.30411,-1.96%,15.2054,4.92m,1380
133,07/29/13,17.91,17.91,17.66,17.85,104624,-0.043442,-0.28%,15.5095,1.86m,741
134,07/26/13,17.90,17.92,17.50,17.90,92403,0.139021,0.90%,15.553,1.65m,571
135,07/25/13,17.55,17.88,17.50,17.74,85558,0.139022,0.91%,15.414,1.52m,602
136,07/24/13,17.70,17.885,17.53,17.58,81712,-0.052137,-0.34%,15.2749,1.44m,583
137,07/23/13,17.83,17.91,17.52,17.64,91361,-0.112953,-0.73%,15.3271,1.62m,478
138,07/22/13,17.56,17.86,17.35,17.77,87028,0.086889,0.57%,15.44,1.54m,459
139,07/19/13,17.45,17.77,17.41,17.67,86850,0.139023,0.91%,15.3531,1.53m,509
140,07/18/13,17.19,17.51,16.95,17.51,80820,0.278041,1.86%,15.2141,1.4m,461
141,07/17/13,17.19,17.28,17.09,17.19,61373,0.052133,0.35%,14.9361,1.06m,384
142,07/16/13,17.17,17.30,17.06,17.13,81634,-0.06082,-0.41%,14.8839,1.4m,513
143,07/15/13,16.94,17.23,16.655,17.20,78478,0.217218,1.47%,14.9448,1.34m,483
144,07/12/13,16.71,17.03,16.47,16.95,91406,0.165089,1.13%,14.7275,1.54m,486
145,07/11/13,16.85,16.85,16.66,16.76,93370,0.008686,0.06%,14.5625,1.56m,618
146,07/10/13,16.76,16.84,16.42,16.75,197232,0.00,0.00%,14.5538,3.31m,830
147,07/09/13,16.46,16.76,15.78,16.75,123209,0.29542,2.07%,14.5538,2.05m,701
148,07/08/13,16.37,16.63,16.25,16.41,84046,0.034757,0.24%,14.2583,1.38m,543
149,07/05/13,16.02,16.37,15.60,16.37,101966,0.417063,3.02%,14.2236,1.65m,654
150,07/04/13,,,,15.89,0,,0.00%,13.8065,,
1,07/03/13,15.9575,15.9575,15.67,15.89,31126,0.0782,0.57%,13.8065,493.04k,250
2,07/02/13,15.71,15.89,15.40,15.80,90069,0.112953,0.83%,13.7283,1.42m,620
3,07/01/13,15.34,15.85,15.305,15.67,104525,0.30411,2.28%,13.6154,1.64m,701
4,06/28/13,15.33,15.63,15.16,15.32,202423,-0.06951,-0.52%,13.3113,3.11m,533
5,06/27/13,15.15,15.50,15.15,15.40,110591,0.251974,1.92%,13.3808,1.69m,647
6,06/26/13,15.02,15.42,14.89,15.11,84230,0.199841,1.55%,13.1288,1.27m,606
7,06/25/13,14.80,14.952,14.63,14.88,104556,0.199845,1.57%,12.929,1.55m,664
8,06/24/13,14.58,14.82,14.57,14.65,82006,-0.043443,-0.34%,12.7291,1.2m,508
9,06/21/13,14.61,14.82,14.50,14.70,337315,0.121642,0.96%,12.7726,4.94m,795
10,06/20/13,14.37,14.69,14.35,14.56,70628,-0.017377,-0.14%,12.6509,1.02m,464
11,06/19/13,14.71,14.71,14.54,14.58,29547,-0.139022,-1.09%,12.6683,431.52k,202
12,06/18/13,14.65,14.82,14.505,14.74,55164,0.130334,1.03%,12.8073,809.87k,394
13,06/17/13,14.69,14.70,14.52,14.59,46512,0.026065,0.21%,12.677,679.04k,350
14,06/14/13,14.94,14.94,14.52,14.56,96999,-0.321486,-2.48%,12.6509,1.42m,380
15,06/13/13,14.69,14.94,14.55,14.93,54482,0.251975,1.98%,12.9724,807.22k,386
16,06/12/13,14.77,14.92,14.52,14.64,72441,-0.06951,-0.54%,12.7204,1.06m,539
17,06/11/13,14.73,14.86,14.68,14.72,49369,-0.130334,-1.01%,12.7899,728.91k,334
18,06/10/13,14.80,14.91,14.69,14.87,66487,0.078202,0.61%,12.9203,985.79k,461
19,06/07/13,14.73,14.82,14.49,14.78,91916,0.156396,1.23%,12.8421,1.35m,690
20,06/06/13,14.28,14.71,14.28,14.60,129810,0.243288,1.96%,12.6857,1.88m,812
21,06/05/13,14.36,14.49,14.27,14.32,94986,-0.086888,-0.69%,12.4424,1.37m,624
22,06/04/13,14.66,14.73,14.27,14.42,149176,-0.199842,-1.57%,12.5293,2.16m,985
23,06/03/13,14.49,14.67,14.34,14.65,153102,0.208529,1.67%,12.7291,2.23m,860
24,05/31/13,14.43,14.595,14.39,14.41,131981,-0.121643,-0.96%,12.5206,1.91m,760
25,05/30/13,14.51,14.57,14.40,14.55,71142,0.069511,0.55%,12.6422,1.03m,472
26,05/29/13,14.48,14.59,14.38,14.47,50795,-0.104263,-0.82%,12.5727,735.86k,389
27,05/28/13,14.68,14.95,14.54,14.59,85173,0.043441,0.34%,12.677,1.25m,527
28,05/27/13,,,,14.54,0,,0.00%,12.6335,,
29,05/24/13,14.43,14.54,14.42,14.54,62259,0.060822,0.48%,12.6335,901.37k,503
30,05/23/13,14.30,14.51,14.25,14.47,95573,0.08689,0.70%,12.5727,1.38m,722
31,05/22/13,14.66,14.74,14.29,14.37,132646,-0.278043,-2.18%,12.4858,1.93m,818
32,05/21/13,14.66,14.70,14.59,14.69,39078,-0.008687,-0.07%,12.7639,573.58k,235
33,05/20/13,14.63,14.72,14.56,14.70,82038,0.00,0.00%,12.7726,1.2m,509
34,05/17/13,14.59,14.71,14.56,14.70,117192,0.121642,0.96%,12.7726,1.72m,632
35,05/16/13,14.50,14.61,14.42,14.56,32003,0.043444,0.34%,12.6509,465.15k,260
36,05/15/13,14.32,14.56,14.29,14.51,37438,0.112955,0.90%,12.6075,541.66k,285
37,05/14/13,14.39,14.58,14.29,14.38,248172,-0.043444,-0.35%,12.4945,3.57m,1339
38,05/13/13,14.51,14.51,14.35,14.43,30891,-0.05213,-0.41%,12.538,445.85k,190
39,05/10/13,14.54,14.56,14.41,14.49,52010,0.008684,0.07%,12.5901,753.78k,260
40,05/09/13,14.45,14.54,14.32,14.48,57632,-0.017375,-0.14%,12.5814,833.79k,498
41,05/08/13,14.47,14.55,14.2925,14.50,55850,-0.043447,-0.34%,12.5988,807.9k,329
42,05/07/13,14.21,14.55,14.21,14.55,92475,0.191155,1.54%,12.6422,1.33m,514
43,05/06/13,14.51,14.85,14.16,14.33,43895,0.112954,0.92%,12.4511,629.03k,289
44,05/03/13,14.07,14.28,14.0501,14.20,182934,0.243287,2.01%,12.3381,2.6m,891
45,05/02/13,13.81,14.04,13.79,13.92,140331,0.008691,0.07%,12.0948,1.95m,780
46,05/01/13,14.02,14.19,13.90,13.91,290326,-0.188004,-1.53%,12.0861,4.07m,1389
47,04/30/13,14.11,14.28,14.05,14.27,107291,0.11182,0.92%,12.2741,1.52m,626
48,04/29/13,14.15,14.17,14.0549,14.14,68174,0.068809,0.57%,12.1623,962.17k,389
49,04/26/13,14.28,14.28,13.99,14.06,129422,-0.275244,-2.23%,12.0935,1.82m,682
50,04/25/13,14.48,14.49,14.32,14.38,69179,-0.017202,-0.14%,12.3688,995.26k,530
51,04/24/13,14.36,14.46,14.22,14.40,67539,0.00,0.00%,12.386,969.8k,414
52,04/23/13,14.37,14.5099,14.32,14.40,66324,0.077413,0.63%,12.386,954.96k,511
53,04/22/13,14.34,14.36,14.04,14.31,53869,-0.051608,-0.42%,12.3085,766.92k,352
54,04/19/13,14.12,14.42,14.08,14.37,112709,0.258039,2.13%,12.3602,1.61m,667
55,04/18/13,14.08,14.20,14.00,14.07,121604,0.051609,0.43%,12.1021,1.71m,695
56,04/17/13,14.05,14.32,13.96,14.01,125225,-0.129021,-1.06%,12.0505,1.76m,876
57,04/16/13,14.12,14.22,13.99,14.16,232188,0.137622,1.14%,12.1795,3.26m,1005
58,04/15/13,14.25,14.3199,13.96,14.00,250065,-0.266641,-2.17%,12.0419,3.54m,1351
59,04/12/13,14.25,14.43,14.24,14.31,52684,-0.034407,-0.28%,12.3085,752.1k,350
60,04/11/13,14.55,14.55,14.32,14.35,72744,-0.146221,-1.17%,12.343,1.05m,618
61,04/10/13,14.26,14.56,14.25,14.52,182543,0.240838,1.97%,12.4892,2.62m,810
62,04/09/13,14.32,14.36,14.21,14.24,71213,-0.086015,-0.70%,12.2483,1.02m,555
63,04/08/13,14.29,14.38,14.22,14.34,63156,0.043005,0.35%,12.3344,901.31k,445
64,04/05/13,14.10,14.34,14.10,14.29,89177,-0.0172,-0.14%,12.2913,1.27m,614
65,04/04/13,14.12,14.42,14.12,14.31,97631,0.180627,1.49%,12.3085,1.39m,607
66,04/03/13,14.03,14.125,13.88,14.10,142244,0.111819,0.93%,12.1279,2m,984
67,04/02/13,14.18,14.26,13.94,13.97,76685,-0.086015,-0.71%,12.0161,1.08m,542
68,04/01/13,14.30,14.33,13.95,14.07,159237,-0.249439,-2.02%,12.1021,2.24m,1088
69,03/29/13,,,,14.36,0,,0.00%,12.3516,,
70,03/28/13,14.33,14.43,14.25,14.36,85080,0.086013,0.70%,12.3516,1.22m,462
71,03/27/13,14.32,14.40,14.22,14.26,102116,-0.146223,-1.18%,12.2655,1.46m,795
72,03/26/13,14.26,14.49,14.13,14.43,283556,0.223636,1.83%,12.4118,4.07m,1660
73,03/25/13,14.37,14.50,14.01,14.17,336062,-0.197831,-1.60%,12.1881,4.77m,1885
74,03/22/13,14.67,14.67,14.31,14.40,171283,-0.163427,-1.30%,12.386,2.47m,1241
75,03/21/13,14.64,14.94,14.59,14.59,69909,-0.129018,-1.02%,12.5494,1.02m,402
76,03/20/13,14.73,14.75,14.57,14.74,93681,0.103214,0.82%,12.6784,1.38m,714
77,03/19/13,14.54,14.69,14.501,14.62,108057,0.12042,0.97%,12.5752,1.58m,855
78,03/18/13,14.38,14.53,14.37,14.48,69042,-0.060211,-0.48%,12.4548,999.34k,556
79,03/15/13,14.48,14.56,14.3801,14.55,165273,0.086014,0.69%,12.515,2.4m,415
80,03/14/13,14.25,14.48,14.22,14.45,77679,0.172028,1.40%,12.429,1.12m,591
81,03/13/13,14.19,14.30,14.18,14.25,46216,0.043007,0.35%,12.2569,658.24k,362
82,03/12/13,14.07,14.26,14.045,14.20,342466,0.068811,0.57%,12.2139,4.85m,785
83,03/11/13,14.16,14.21,14.10,14.12,70043,-0.094615,-0.77%,12.1451,990.52k,506
84,03/08/13,14.37,14.37,14.10,14.23,158199,-0.004299,-0.04%,12.2397,2.25m,1035
85,03/07/13,14.28,14.30,14.13,14.235,106134,-0.073113,-0.59%,12.244,1.51m,698
86,03/06/13,14.27,14.32,14.0805,14.32,45967,0.043006,0.35%,12.3171,655.51k,302
87,03/05/13,14.17,14.34,14.00,14.27,105787,0.11182,0.92%,12.2741,1.51m,734
88,03/04/13,14.13,14.18,13.99,14.14,100010,-0.05161,-0.42%,12.1623,1.41m,753
89,03/01/13,14.08,14.22,13.83,14.20,129581,-0.008601,-0.07%,12.2139,1.83m,923
90,02/28/13,14.18,14.34,14.10,14.21,86445,0.008601,0.07%,12.2225,1.23m,481
91,02/27/13,14.21,14.37,14.19,14.20,72179,-0.043007,-0.35%,12.2139,1.03m,511
92,02/26/13,14.13,14.28,14.08,14.25,118326,0.137622,1.14%,12.2569,1.68m,966
93,02/25/13,14.42,14.52,14.08,14.09,144895,-0.206433,-1.67%,12.1193,2.06m,988
94,02/22/13,14.21,14.33,14.17,14.33,80512,0.146223,1.20%,12.3258,1.15m,515
95,02/21/13,14.16,14.25,14.08,14.16,138192,-0.025805,-0.21%,12.1795,1.96m,917
96,02/20/13,14.29,14.35,14.18,14.19,153690,-0.111816,-0.91%,12.2053,2.19m,793
97,02/19/13,14.03,14.32,14.02,14.32,177694,0.258042,2.14%,12.3171,2.53m,774
98,02/18/13,,,,14.02,0,,0.00%,12.0591,,
99,02/15/13,14.05,14.05,13.95,14.02,126217,0.017201,0.14%,12.0591,1.77m,429
100,02/14/13,14.00,14.05,13.99,14.00,62131,-0.051608,-0.43%,12.0419,870.07k,339
101,02/13/13,13.95,14.06,13.89,14.06,66640,0.12902,1.08%,12.0935,933.57k,416
102,02/12/13,13.80,13.95,13.63,13.91,79434,0.077413,0.65%,11.9645,1.1m,539
103,02/11/13,13.75,13.84,13.658,13.82,40508,0.077412,0.66%,11.8871,558.31k,316
104,02/08/13,13.75,13.85,13.73,13.73,111003,0.00,0.00%,11.8097,1.53m,638
105,02/07/13,13.56,13.74,13.53,13.73,108326,0.120419,1.03%,11.8097,1.48m,726
106,02/06/13,13.46,13.61,13.40,13.59,90150,0.025804,0.22%,11.6892,1.22m,651
107,02/05/13,13.51,13.62,13.40,13.56,94370,0.124721,1.08%,11.6634,1.28m,614
108,02/04/13,13.69,13.69,13.33,13.415,115625,-0.326847,-2.75%,11.5387,1.56m,748
109,02/01/13,13.88,14.08,13.82,13.935,117747,0.106434,0.91%,11.8656,1.64m,755
110,01/31/13,13.68,13.86,13.55,13.81,163032,0.110695,0.95%,11.7591,2.24m,1066
111,01/30/13,13.77,13.77,13.56,13.68,192012,-0.127725,-1.08%,11.6484,2.62m,1475
112,01/29/13,13.56,13.83,13.40,13.83,208568,0.195844,1.69%,11.7762,2.85m,1251
113,01/28/13,13.82,13.86,13.47,13.60,204975,-0.229902,-1.95%,11.5803,2.79m,1364
114,01/25/13,13.69,14.21,13.69,13.87,264287,-0.451291,-3.68%,11.8102,3.66m,1653
115,01/24/13,14.06,14.48,14.01,14.40,284848,0.340597,2.86%,12.2615,4.05m,1685
116,01/23/13,14.25,14.49,13.96,14.00,104869,-0.18733,-1.55%,11.9209,1.47m,617
117,01/22/13,14.10,14.30,14.10,14.22,114468,0.042575,0.35%,12.1082,1.63m,740
118,01/21/13,,,,14.17,0,,0.00%,12.0657,,
119,01/18/13,14.25,14.30,14.07,14.17,100562,-0.03406,-0.28%,12.0657,1.42m,354
120,01/17/13,14.20,14.36,14.08,14.21,42327,0.085153,0.71%,12.0997,601.87k,264
121,01/16/13,14.27,14.30,14.10,14.11,101893,-0.119213,-0.98%,12.0146,1.44m,636
122,01/15/13,14.22,14.29,14.07,14.25,48358,-0.068118,-0.56%,12.1338,688.75k,319
123,01/14/13,14.34,14.41,14.286,14.33,38418,-0.025547,-0.21%,12.2019,550.78k,268
124,01/11/13,14.39,14.40,14.205,14.36,52627,0.017031,0.14%,12.2275,754.83k,369
125,01/10/13,14.33,14.38,14.23,14.34,54929,0.08515,0.70%,12.2104,785.56k,369
126,01/09/13,14.24,14.40,14.16,14.24,77814,0.051516,0.43%,12.1253,1.11m,403
127,01/08/13,14.03,14.18,13.94,14.1795,57334,0.084723,0.71%,12.0738,809.04k,317
128,01/07/13,14.26,14.31,14.04,14.08,44221,-0.170299,-1.40%,11.989,624.41k,296
129,01/04/13,14.39,14.39,14.15,14.28,109773,-0.025544,-0.21%,12.1593,1.57m,612
130,01/03/13,14.30,14.38,14.21,14.31,65762,0.059604,0.49%,12.1849,940.26k,446
131,01/02/13,14.19,14.25,14.07,14.24,164773,0.298025,2.52%,12.1253,2.34m,839
132,01/01/13,,,,13.89,0,,0.00%,11.8273,,
133,12/31/12,13.68,13.9325,13.54,13.89,75276,0.161783,1.39%,11.8273,1.04m,414
134,12/28/12,13.74,14.04,13.61,13.70,45231,-0.085151,-0.72%,11.6655,621.01k,352
135,12/27/12,13.81,13.84,13.6204,13.80,53314,-0.034314,-0.29%,11.7506,732.11k,368
136,12/26/12,13.96,14.11,13.83,13.8403,50756,-0.101924,-0.86%,11.7849,704.87k,311
137,12/25/12,,,,13.96,0,,0.00%,11.8869,,
138,12/24/12,14.04,14.16,13.86,13.96,28499,-0.093666,-0.78%,11.8869,398.09k,197
139,12/21/12,14.19,14.21,13.93,14.07,525502,-0.102178,-0.85%,11.9805,7.41m,907
140,12/20/12,13.95,14.19,13.90,14.19,128243,0.178814,1.50%,12.0827,1.8m,802
141,12/19/12,13.94,13.98,13.76,13.98,78528,0.076636,0.65%,11.9039,1.1m,452
142,12/18/12,13.75,13.90,13.64,13.89,154067,0.144752,1.24%,11.8273,2.12m,1195
143,12/17/12,13.69,13.84,13.58,13.72,265762,0.050152,0.43%,11.6825,3.63m,1813
144,12/14/12,13.56,13.78,13.56,13.6611,98484,0.026482,0.23%,11.6324,1.35m,651
145,12/13/12,13.68,13.77,13.57,13.63,161969,-0.051088,-0.44%,11.6059,2.21m,1150
146,12/12/12,13.80,14.00,13.67,13.69,151076,-0.093666,-0.80%,11.657,2.09m,903
147,12/11/12,13.85,13.95,13.77,13.80,178107,0.017027,0.15%,11.7506,2.46m,787
148,12/10/12,13.70,13.87,13.62,13.78,144770,0.059607,0.51%,11.7336,1.99m,674
149,12/07/12,13.85,13.85,13.65,13.71,110771,-0.093662,-0.80%,11.674,1.52m,833
150,12/06/12,13.71,13.865,13.71,13.82,121680,0.05109,0.44%,11.7676,1.68m,668
1,12/05/12,13.81,13.88,13.69,13.76,64046,-0.076636,-0.65%,11.7166,882.69k,391
2,12/04/12,13.88,13.90,13.71,13.85,77259,-0.042576,-0.36%,11.7932,1.07m,522
3,12/03/12,13.94,13.97,13.60,13.90,129320,-0.042575,-0.36%,11.8358,1.8m,934
4,11/30/12,13.74,13.98,13.56,13.95,234416,0.1703,1.45%,11.8783,3.25m,1021
5,11/29/12,13.55,13.78,13.45,13.75,79595,0.212875,1.85%,11.708,1.09m,493
6,11/28/12,13.35,13.52,12.98,13.50,94774,0.05109,0.45%,11.4952,1.27m,567
7,11/27/12,13.50,13.59,13.43,13.44,120039,-0.085151,-0.74%,11.4441,1.62m,729
8,11/26/12,13.42,13.55,13.39,13.54,66728,0.05109,0.45%,11.5292,900.98k,356
9,11/23/12,13.55,13.55,13.44,13.48,53419,0.00,0.00%,11.4781,720.84k,349
10,11/22/12,,,,13.48,0,,0.00%,11.4781,,
11,11/21/12,13.57,13.57,13.38,13.48,37658,-0.017029,-0.15%,11.4781,507.05k,251
12,11/20/12,13.44,13.59,13.34,13.50,87709,0.076634,0.67%,11.4952,1.18m,657
13,11/19/12,13.04,13.45,12.92,13.41,199794,0.340598,3.07%,11.4185,2.66m,1440
14,11/16/12,12.99,13.53,12.86,13.01,438823,0.008514,0.08%,11.0779,5.7m,1333
15,11/15/12,13.09,13.20,12.92,13.00,82377,-0.110693,-0.99%,11.0694,1.08m,646
16,11/14/12,13.38,13.50,13.09,13.13,103974,-0.157528,-1.39%,11.1801,1.37m,799
17,11/13/12,13.48,13.844,13.31,13.315,55061,-0.174557,-1.52%,11.3376,737.55k,365
18,11/12/12,13.44,13.61,13.41,13.52,50662,0.076636,0.67%,11.5122,684.57k,401
19,11/09/12,13.45,13.61,13.368,13.43,98510,-0.102178,-0.89%,11.4356,1.33m,576
20,11/08/12,13.75,13.98,13.54,13.55,75517,-0.204361,-1.74%,11.5377,1.03m,506
21,11/07/12,14.26,14.43,13.76,13.79,185566,-0.510897,-4.17%,11.7421,2.59m,1240
22,11/06/12,14.23,14.51,14.18,14.39,143464,0.280993,2.35%,12.253,2.06m,973
23,11/05/12,13.97,14.20,13.93,14.06,86829,-0.085148,-0.71%,11.972,1.22m,634
24,11/02/12,14.56,14.56,14.13,14.16,108681,-0.400204,-3.21%,12.0572,1.55m,660
25,11/01/12,14.47,14.715,14.30,14.63,210041,0.110694,0.90%,12.4574,3.06m,983
26,10/31/12,14.48,14.60,14.37,14.50,109807,0.109713,0.90%,12.3467,1.59m,663
27,10/30/12,,,,14.51,0,,0.00%,12.237,,
28,10/29/12,,,,14.51,0,,0.00%,12.237,,
29,10/26/12,14.83,14.84,14.27,14.51,207106,0.38794,3.27%,12.237,3m,1575
30,10/25/12,14.11,14.24,13.90,14.05,87125,0.024795,0.21%,11.849,1.22m,663
31,10/24/12,14.08,14.14,13.92,14.0206,45154,-0.033229,-0.28%,11.8242,633.21k,264
32,10/23/12,13.99,14.10,13.81,14.06,62444,-0.016866,-0.14%,11.8574,873.44k,419
33,10/22/12,13.76,14.14,13.76,14.08,92795,0.210836,1.81%,11.8743,1.29m,577
34,10/19/12,13.72,13.90,13.72,13.83,120511,0.017709,0.15%,11.6635,1.66m,740
35,10/18/12,14.03,14.16,13.79,13.809,95743,-0.236979,-1.99%,11.6458,1.33m,728
36,10/17/12,13.92,14.09,13.92,14.09,87685,0.126503,1.08%,11.8828,1.23m,551
37,10/16/12,14.09,14.09,13.91,13.94,110474,-0.067471,-0.57%,11.7562,1.54m,565
38,10/15/12,13.97,14.0903,13.81,14.02,71133,0.042168,0.36%,11.8237,994.95k,428
39,10/12/12,14.15,14.15,13.92,13.97,71200,-0.202403,-1.69%,11.7816,996.62k,435
40,10/11/12,14.34,14.37,14.16,14.21,76272,-0.059035,-0.49%,11.984,1.09m,562
41,10/10/12,14.21,14.35,14.11,14.28,125657,0.050601,0.42%,12.043,1.79m,942
42,10/09/12,14.43,14.43,14.20,14.22,72211,-0.202401,-1.66%,11.9924,1.03m,528
43,10/08/12,14.49,14.52,14.38,14.46,43717,-0.109635,-0.89%,12.1948,632.26k,322
44,10/05/12,14.63,14.77,14.47,14.59,103012,-0.0253,-0.21%,12.3044,1.5m,734
45,10/04/12,14.48,14.67,14.39,14.62,107010,0.134935,1.11%,12.3297,1.56m,634
46,10/03/12,14.64,14.64,14.40,14.46,71206,-0.16867,-1.36%,12.1948,1.03m,507
47,10/02/12,14.56,14.98,14.5001,14.66,75375,0.109637,0.89%,12.3635,1.1m,425
48,10/01/12,14.55,14.62,14.36,14.53,61806,0.0759,0.62%,12.2538,897.98k,470
49,09/28/12,14.47,14.58,14.41,14.44,82468,-0.101201,-0.82%,12.1779,1.19m,412
50,09/27/12,14.48,14.738,14.45,14.56,57802,0.067467,0.55%,12.2791,841.66k,356
51,09/26/12,14.49,14.73,14.41,14.48,73464,-0.0506,-0.41%,12.2117,1.06m,452
52,09/25/12,14.78,14.86,14.52,14.54,100379,-0.177104,-1.42%,12.2623,1.47m,554
53,09/24/12,14.53,14.88,14.51,14.75,88483,0.109636,0.89%,12.4394,1.3m,749
54,09/21/12,14.53,14.6249,14.26,14.62,499810,0.286735,2.38%,12.3297,7.26m,1965
55,09/20/12,14.42,14.7499,14.21,14.28,222750,-0.202402,-1.65%,12.043,3.19m,708
56,09/19/12,14.50,14.56,14.36,14.52,86095,0.008434,0.07%,12.2454,1.25m,515
57,09/18/12,14.38,14.52,14.11,14.51,49027,0.050601,0.42%,12.237,709.15k,344
58,09/17/12,14.63,14.66,14.36,14.45,65074,-0.236139,-1.90%,12.1864,941.26k,490
59,09/14/12,14.63,14.77,14.45,14.73,105299,0.160239,1.31%,12.4225,1.55m,607
60,09/13/12,14.40,14.55,14.24,14.54,140641,0.126499,1.04%,12.2623,2.02m,836
61,09/12/12,14.39,14.46,14.30,14.39,69164,0.008434,0.07%,12.1358,995.24k,391
62,09/11/12,14.34,14.50,14.331,14.38,56351,0.008434,0.07%,12.1273,811.13k,346
63,09/10/12,14.35,14.51,14.02,14.37,58970,-0.0253,-0.21%,12.1189,849.15k,308
64,09/07/12,14.25,14.49,14.06,14.40,97246,0.16867,1.41%,12.1442,1.39m,582
65,09/06/12,13.98,14.22,13.95,14.20,77849,0.202403,1.72%,11.9755,1.1m,467
66,09/05/12,14.00,14.00,13.82,13.96,67134,-0.033735,-0.29%,11.7731,937.09k,328
67,09/04/12,13.93,14.04,13.72,14.00,96877,0.016867,0.14%,11.8068,1.35m,708
68,09/03/12,,,,13.98,0,,0.00%,11.79,,
69,08/31/12,14.02,14.04,13.91,13.98,85614,-0.025298,-0.21%,11.79,1.2m,513
70,08/30/12,14.03,14.09,13.96,14.01,40024,-0.075904,-0.64%,11.8153,561.06k,303
71,08/29/12,13.99,14.10,13.99,14.10,93143,0.084335,0.71%,11.8912,1.31m,633
72,08/28/12,13.89,14.06,13.67,14.00,83761,0.059034,0.50%,11.8068,1.17m,474
73,08/27/12,13.68,14.00,13.68,13.93,126702,0.236137,2.05%,11.7478,1.76m,824
74,08/24/12,13.49,13.72,13.47,13.65,82523,0.075902,0.66%,11.5117,1.12m,599
75,08/23/12,13.82,13.82,13.54,13.56,56505,-0.219268,-1.88%,11.4358,769.15k,377
76,08/22/12,13.92,13.92,13.51,13.82,58266,-0.143372,-1.22%,11.655,803.29k,440
77,08/21/12,14.00,14.22,13.96,13.99,63633,0.008434,0.07%,11.7984,893.91k,425
78,08/20/12,13.93,14.03,13.93,13.98,48855,-0.016867,-0.14%,11.79,682.35k,302
79,08/17/12,13.96,14.00,13.87,14.00,74858,-0.008431,-0.07%,11.8068,1.05m,379
80,08/16/12,14.10,14.10,13.95,14.01,66609,-0.075904,-0.64%,11.8153,933.56k,401
81,08/15/12,14.07,14.12,13.96,14.10,91103,0.00,0.00%,11.8912,1.28m,569
82,08/14/12,13.98,14.10,13.93,14.10,150480,0.11807,1.00%,11.8912,2.12m,833
83,08/13/12,14.00,14.33,13.73,13.96,47037,-0.016868,-0.14%,11.7731,654.56k,333
84,08/10/12,14.14,14.14,13.91,13.98,58303,-0.168669,-1.41%,11.79,815.52k,411
85,08/09/12,14.20,14.2199,14.09,14.18,65631,0.008437,0.07%,11.9587,931.19k,406
86,08/08/12,14.15,14.25,14.15,14.17,87093,-0.025303,-0.21%,11.9502,1.24m,603
87,08/07/12,14.09,14.22,14.09,14.20,107048,0.016866,0.14%,11.9755,1.52m,608
88,08/06/12,14.25,14.27,14.16,14.18,76502,-0.059033,-0.49%,11.9587,1.09m,584
89,08/03/12,14.14,14.27,14.025,14.25,140251,0.227702,1.93%,12.0177,2m,1032
90,08/02/12,14.15,14.27,14.06,14.12,194396,-0.083499,-0.70%,11.79,2.75m,877
91,08/01/12,14.56,14.56,14.22,14.22,120487,-0.233794,-1.93%,11.8735,1.73m,503
92,07/31/12,14.64,14.74,14.44,14.50,129213,-0.108549,-0.89%,12.1073,1.88m,745
93,07/30/12,14.82,14.82,14.57,14.63,85358,-0.075148,-0.61%,12.2158,1.26m,608
94,07/27/12,14.18,14.77,14.12,14.72,93492,0.509343,4.32%,12.291,1.36m,620
95,07/26/12,14.59,14.59,13.80,14.11,123405,-0.192048,-1.60%,11.7816,1.74m,914
96,07/25/12,14.23,14.42,14.23,14.34,133556,0.217094,1.85%,11.9737,1.92m,933
97,07/24/12,14.30,14.30,14.01,14.08,51504,-0.091847,-0.78%,11.7566,727.08k,324
98,07/23/12,14.29,14.38,14.19,14.19,64127,-0.225446,-1.87%,11.8484,913.75k,368
99,07/20/12,14.55,14.62,14.43,14.46,103091,-0.141948,-1.16%,12.0739,1.5m,458
100,07/19/12,14.80,14.80,14.60,14.63,109647,-0.075148,-0.61%,12.2158,1.61m,720
101,07/18/12,14.61,14.72,14.60,14.72,107078,0.125249,1.03%,12.291,1.57m,762
102,07/17/12,14.58,14.65,14.42,14.57,123328,0.033397,0.28%,12.1657,1.8m,603
103,07/16/12,14.65,14.71,14.5115,14.53,76446,-0.141946,-1.16%,12.1323,1.12m,486
104,07/13/12,14.44,14.75,14.44,14.70,137919,0.233794,1.94%,12.2743,2.01m,777
105,07/12/12,14.20,14.47,14.05,14.42,94435,0.133598,1.12%,12.0405,1.35m,663
106,07/11/12,14.26,14.29,14.10,14.26,99233,0.008349,0.07%,11.9069,1.41m,726
107,07/10/12,14.06,14.25,13.90,14.25,128224,0.292245,2.52%,11.8985,1.81m,659
108,07/09/12,14.25,14.25,13.84,13.90,261610,-0.292245,-2.46%,11.6063,3.67m,1171
109,07/06/12,14.02,14.26,14.02,14.25,136337,0.112723,0.96%,11.8985,1.94m,976
110,07/05/12,14.00,14.215,13.88,14.115,89515,0.096025,0.82%,11.7858,1.26m,650
111,07/04/12,,,,14.00,0,,0.00%,11.6898,,
112,07/03/12,13.90,14.00,13.79,14.00,53260,0.116897,1.01%,11.6898,744.6k,349
113,07/02/12,13.34,13.88,13.29,13.86,133264,0.47594,4.29%,11.5729,1.81m,761
114,06/29/12,13.60,13.68,13.19,13.29,284764,-0.016697,-0.15%,11.0969,3.79m,1451
115,06/28/12,13.54,13.72,13.18,13.31,183035,-0.250498,-2.20%,11.1136,2.44m,1296
116,06/27/12,13.50,13.6276,13.47,13.61,76668,0.166998,1.49%,11.3641,1.04m,574
117,06/26/12,13.60,13.85,13.40,13.41,118357,-0.217095,-1.90%,11.1971,1.61m,683
118,06/25/12,13.53,13.83,13.53,13.67,47661,-0.091848,-0.80%,11.4142,651.36k,325
119,06/22/12,13.52,13.92,13.52,13.78,222620,0.283894,2.53%,11.5061,3.07m,532
120,06/21/12,13.85,13.94,13.42,13.44,98792,-0.367394,-3.17%,11.2222,1.34m,703
121,06/20/12,13.96,14.00,13.77,13.88,79402,-0.050099,-0.43%,11.5896,1.1m,623
122,06/19/12,13.75,13.96,13.60,13.94,112260,0.225447,1.98%,11.6397,1.56m,632
123,06/18/12,13.63,13.75,13.58,13.67,87043,-0.02505,-0.22%,11.4142,1.19m,525
124,06/15/12,13.31,13.72,13.22,13.70,158832,0.275545,2.47%,11.4393,2.14m,
125,06/14/12,13.10,13.40,13.07,13.37,74596,0.225445,2.06%,11.1637,990.4k,
126,06/13/12,12.98,13.36,12.93,13.10,91798,0.100199,0.92%,10.9383,1.21m,
127,06/12/12,12.90,13.13,12.88,12.98,85563,0.150297,1.41%,10.8381,1.11m,
128,06/11/12,13.35,13.35,12.78,12.80,101707,-0.283894,-2.59%,10.6878,1.32m,
129,06/08/12,12.91,13.1899,12.79,13.14,62760,0.175346,1.62%,10.9717,819.87k,
130,06/07/12,13.24,13.28,12.91,12.93,86685,-0.066801,-0.61%,10.7964,1.13m,
131,06/06/12,12.74,13.04,12.66,13.01,101465,0.275546,2.60%,10.8632,1.31m,
132,06/05/12,12.65,12.81,12.57,12.68,118129,-0.050098,-0.47%,10.5876,1.5m,
133,06/04/12,12.65,12.81,12.59,12.74,81125,0.108548,1.03%,10.6377,1.03m,
134,06/01/12,12.81,12.92,12.56,12.61,75543,-0.375742,-3.45%,10.5292,961.08k,
135,05/31/12,13.12,13.16,13.00,13.06,112834,-0.050099,-0.46%,10.9049,1.47m,
136,05/30/12,13.25,13.33,13.10,13.12,49269,-0.200397,-1.80%,10.955,649.33k,
137,05/29/12,13.51,13.51,13.20,13.36,55685,0.016699,0.15%,11.1554,742.28k,
138,05/28/12,,,,13.34,0,,0.00%,11.1387,,
139,05/25/12,13.33,13.44,13.26,13.34,65881,0.0334,0.30%,11.1387,879.13k,
140,05/24/12,13.25,13.31,13.03,13.30,69964,0.083496,0.76%,11.1053,922.57k,
141,05/23/12,13.12,13.24,13.01,13.20,107544,-0.016698,-0.15%,11.0218,1.41m,
142,05/22/12,13.52,13.615,13.13,13.22,107351,-0.233796,-2.07%,11.0385,1.43m,
143,05/21/12,13.52,13.71,13.41,13.50,125108,0.00,0.00%,11.2723,1.69m,
144,05/18/12,13.54,13.68,13.38,13.50,100799,-0.041749,-0.37%,11.2723,1.37m,
145,05/17/12,13.53,13.695,13.45,13.55,110407,0.008352,0.07%,11.314,1.5m,
146,05/16/12,13.70,13.7194,13.51,13.54,71445,-0.050101,-0.44%,11.3057,970.34k,
147,05/15/12,13.55,13.71,13.50,13.60,77276,0.0334,0.29%,11.3558,1.05m,
148,05/14/12,13.64,13.78,13.49,13.56,92447,-0.150296,-1.31%,11.3224,1.26m,
149,05/11/12,13.82,13.84,13.62,13.74,120564,-0.091849,-0.79%,11.4727,1.65m,
150,05/10/12,13.85,13.90,13.72,13.85,72547,0.166996,1.47%,11.5645,1m,
1,05/09/12,13.57,13.70,13.34,13.65,129918,-0.008348,-0.07%,11.3975,1.76m,
2,05/08/12,13.36,13.71,13.315,13.66,107955,0.208744,1.86%,11.4059,1.47m,
3,05/07/12,13.15,13.49,13.10,13.41,119534,0.208745,1.90%,11.1971,1.59m,
4,05/04/12,13.15,13.26,13.00,13.16,146714,-0.175345,-1.57%,10.9884,1.93m,
5,05/03/12,13.36,13.52,13.25,13.37,91933,-0.050097,-0.45%,11.1637,1.23m,
6,05/02/12,13.49,13.61,13.33,13.57,131753,0.016529,0.15%,11.2138,1.78m,
7,05/01/12,13.88,13.9875,13.52,13.55,145055,-0.256174,-2.24%,11.1973,1.99m,
8,04/30/12,14.20,14.37,13.81,13.86,205079,-0.652836,-5.39%,11.4535,2.87m,
9,04/27/12,14.30,14.76,14.22,14.65,84905,0.26444,2.23%,12.1063,1.24m,
10,04/26/12,14.16,14.3788,14.1206,14.33,54402,0.082636,0.70%,11.8419,777.8k,
11,04/25/12,14.31,14.45,14.10,14.23,89126,0.132219,1.14%,11.7592,1.27m,
12,04/24/12,13.73,14.12,13.73,14.07,75779,0.256174,2.25%,11.627,1.06m,
13,04/23/12,13.71,13.88,13.70,13.76,81244,-0.123955,-1.08%,11.3709,1.12m,
14,04/20/12,13.89,14.00,13.65,13.91,157149,0.289229,2.58%,11.4948,2.18m,
15,04/19/12,13.70,13.78,13.41,13.56,91185,-0.074373,-0.66%,11.2056,1.24m,
16,04/18/12,13.94,13.94,13.55,13.65,78074,-0.272702,-2.36%,11.28,1.04m,
17,04/17/12,13.87,14.15,13.87,13.98,80831,0.157011,1.38%,11.5527,1.13m,
18,04/16/12,13.56,13.91,13.51,13.79,73916,0.264438,2.38%,11.3956,1.01m,
19,04/13/12,13.85,13.94,13.46,13.47,83436,-0.388395,-3.37%,11.1312,1.13m,
20,04/12/12,13.81,14.06,13.75,13.94,93421,0.082638,0.72%,11.5196,1.3m,
21,04/11/12,13.75,13.86,13.6021,13.84,119011,0.223121,1.99%,11.437,1.64m,
22,04/10/12,13.91,14.0381,13.52,13.57,129643,-0.247911,-2.16%,11.2138,1.77m,
23,04/09/12,13.95,14.00,13.85,13.87,101332,-0.239647,-2.05%,11.4618,1.41m,
24,04/06/12,,,,14.16,0,,0.00%,11.7014,,
25,04/05/12,14.29,14.29,14.05,14.16,139751,-0.123958,-1.05%,11.7014,1.98m,
26,04/04/12,14.42,14.55,14.18,14.31,112356,-0.25617,-2.12%,11.8254,1.61m,
27,04/03/12,14.90,14.92,14.495,14.62,134865,-0.231388,-1.88%,12.0815,1.97m,
28,04/02/12,14.15,14.92,14.15,14.90,111440,0.23965,1.98%,12.3129,1.64m,
29,03/30/12,14.82,14.82,14.52,14.61,83997,-0.132219,-1.08%,12.0733,1.23m,
30,03/29/12,14.88,14.88,14.48,14.77,65867,-0.165275,-1.34%,12.2055,968.13k,
31,03/28/12,14.68,15.01,14.68,14.97,117949,0.280967,2.32%,12.3708,1.76m,
32,03/27/12,14.92,14.92,14.63,14.63,83283,-0.26444,-2.14%,12.0898,1.23m,
33,03/26/12,14.84,14.99,14.71,14.95,87929,0.132221,1.08%,12.3542,1.31m,
34,03/23/12,14.52,14.80,14.35,14.79,105903,0.198325,1.65%,12.222,1.54m,
35,03/22/12,14.49,14.65,14.30,14.55,68997,-0.090901,-0.75%,12.0237,1m,
36,03/21/12,14.89,14.9486,14.65,14.66,58191,-0.123955,-1.01%,12.1146,858.42k,
37,03/20/12,14.82,14.92,14.65,14.81,41466,-0.11569,-0.94%,12.2385,614.51k,
38,03/19/12,14.58,14.96,14.4516,14.95,86411,0.305756,2.54%,12.3542,1.29m,
39,03/16/12,14.68,14.715,14.46,14.58,111693,-0.041316,-0.34%,12.0485,1.63m,
40,03/15/12,14.53,14.63,14.25,14.63,78939,0.099165,0.83%,12.0898,1.14m,
41,03/14/12,14.69,14.75,14.41,14.51,62229,-0.148748,-1.23%,11.9906,905.52k,
42,03/13/12,14.56,14.69,14.27,14.69,106961,0.239645,2.01%,12.1394,1.55m,
43,03/12/12,14.21,14.45,13.902,14.40,98240,0.190066,1.62%,11.8997,1.41m,
44,03/09/12,13.84,14.33,13.79,14.17,117906,0.264437,2.31%,11.7097,1.67m,
45,03/08/12,13.63,13.87,13.32,13.85,104009,0.280969,2.52%,11.4452,1.42m,
46,03/07/12,13.43,13.58,13.32,13.51,83258,0.107427,0.97%,11.1643,1.12m,
47,03/06/12,13.46,13.58,13.32,13.38,80199,-0.214856,-1.91%,11.0568,1.07m,
48,03/05/12,13.55,13.68,13.36,13.64,64185,0.057846,0.52%,11.2717,871.54k,
49,03/02/12,13.90,13.93,13.42,13.57,124206,-0.223121,-1.95%,11.2138,1.69m,
50,03/01/12,14.02,14.13,13.84,13.84,144051,-0.066107,-0.57%,11.437,2.01m,
51,02/29/12,14.41,14.53,13.92,13.92,136965,-0.363606,-3.06%,11.5031,1.93m,
52,02/28/12,14.45,14.54,14.26,14.36,66003,-0.041316,-0.35%,11.8667,949.68k,
53,02/27/12,14.21,14.50,14.07,14.41,66083,0.107427,0.91%,11.908,948.89k,
54,02/24/12,14.37,14.46,14.17,14.28,60264,-0.0909,-0.76%,11.8006,861.73k,
55,02/23/12,13.90,14.40,13.86,14.39,124485,0.413185,3.60%,11.8915,1.68m,
56,02/22/12,14.14,14.15,13.83,13.89,84332,-0.231385,-1.98%,11.4783,1.18m,
57,02/21/12,14.18,14.34,14.02,14.17,61224,0.008265,0.07%,11.7097,868.22k,
58,02/20/12,,,,14.16,0,,0.00%,11.7014,,
59,02/17/12,14.25,14.25,13.76,14.16,141264,-0.041318,-0.35%,11.7014,2m,
60,02/16/12,14.06,14.49,13.87,14.21,168003,0.165272,1.43%,11.7427,2.39m,
61,02/15/12,14.06,14.07,13.82,14.01,102733,0.057845,0.50%,11.5774,1.44m,
62,02/14/12,14.08,14.08,13.78,13.94,70131,-0.132219,-1.13%,11.5196,975.22k,
63,02/13/12,14.12,14.20,13.97,14.10,114404,0.14875,1.29%,11.6518,1.61m,
64,02/10/12,14.10,14.20,13.86,13.92,125572,-0.239648,-2.04%,11.5031,1.75m,
65,02/09/12,14.41,14.41,14.19,14.21,67792,-0.140486,-1.18%,11.7427,967.81k,
66,02/08/12,14.35,14.50,14.185,14.38,76644,0.099165,0.84%,11.8832,1.1m,
67,02/07/12,14.25,14.44,14.16,14.26,100501,0.024792,0.21%,11.784,1.44m,
68,02/06/12,14.25,14.30,13.70,14.23,97220,-0.049582,-0.42%,11.7592,1.38m,
69,02/03/12,14.20,14.52,14.10,14.29,177465,0.297493,2.58%,11.8088,2.55m,
70,02/02/12,14.25,14.25,13.87,13.93,208780,-0.247906,-2.11%,11.5113,2.93m,
71,02/01/12,13.92,14.42,13.84,14.37,190134,0.482809,4.28%,11.7592,2.7m,
72,01/31/12,13.94,13.94,13.53,13.78,172928,-0.090014,-0.79%,11.2764,2.38m,
73,01/30/12,13.92,14.00,13.85,13.89,75418,-0.090017,-0.79%,11.3664,1.05m,
74,01/27/12,13.95,14.27,13.81,14.00,135057,0.25368,2.26%,11.4565,1.89m,
75,01/26/12,13.89,13.99,13.63,13.69,137266,-0.081833,-0.73%,11.2028,1.89m,
76,01/25/12,14.02,14.11,13.76,13.79,100252,-0.163662,-1.43%,11.2846,1.39m,
77,01/24/12,13.80,14.05,13.68,13.99,79587,0.114563,1.01%,11.4483,1.11m,
78,01/23/12,13.88,14.10,13.76,13.85,77942,0.00,0.00%,11.3337,1.08m,
79,01/20/12,13.65,13.94,13.65,13.85,104108,0.139114,1.24%,11.3337,1.44m,
80,01/19/12,13.88,13.88,13.53,13.68,93387,-0.122747,-1.08%,11.1946,1.28m,
81,01/18/12,13.63,13.85,13.51,13.83,82041,0.163664,1.47%,11.3173,1.13m,
82,01/17/12,13.88,13.88,12.928,13.63,105343,-0.090016,-0.80%,11.1537,1.44m,
83,01/16/12,,,,13.74,0,,0.00%,11.2437,,
84,01/13/12,13.58,13.95,13.47,13.74,98148,-0.032732,-0.29%,11.2437,1.34m,
85,01/12/12,13.55,13.79,13.37,13.78,84504,0.212763,1.92%,11.2764,1.15m,
86,01/11/12,13.30,13.55,13.00,13.52,160139,0.155482,1.43%,11.0637,2.13m,
87,01/10/12,13.42,13.74,13.20,13.33,115665,0.073648,0.68%,10.9082,1.54m,
88,01/09/12,13.40,13.44,13.19,13.24,100838,-0.040917,-0.38%,10.8345,1.34m,
89,01/06/12,13.56,13.6998,13.27,13.29,152375,-0.188213,-1.70%,10.8755,2.05m,
90,01/05/12,13.02,13.56,12.88,13.52,96614,0.360061,3.36%,11.0637,1.29m,
91,01/04/12,12.92,13.15,12.88,13.08,71990,0.040915,0.38%,10.7036,938.91k,
92,01/03/12,12.92,13.179,12.75,13.03,88669,0.351876,3.41%,10.6627,1.16m,
93,01/02/12,,,,12.60,0,,0.00%,10.3108,,
94,12/30/11,12.70,12.70,12.60,12.60,106915,-0.049098,-0.47%,10.3108,1.35m,
95,12/29/11,12.58,12.82,12.57,12.66,68085,0.122749,1.20%,10.3599,862.37k,
96,12/28/11,12.61,12.63,12.45,12.51,95530,-0.065467,-0.64%,10.2372,1.2m,
97,12/27/11,12.51,12.68,12.198,12.59,40842,0.057282,0.56%,10.3026,513.52k,
98,12/26/11,,,,12.52,0,,0.00%,10.2454,,
99,12/23/11,12.44,12.60,12.34,12.52,124155,0.130931,1.29%,10.2454,1.55m,
100,12/22/11,12.31,12.53,12.28,12.36,83720,0.090016,0.90%,10.1144,1.04m,
101,12/21/11,11.99,12.30,11.88,12.25,59456,0.237312,2.42%,10.0244,719.78k,
102,12/20/11,11.63,11.98,11.59,11.96,127523,0.490991,5.28%,9.7871,1.52m,
103,12/19/11,11.66,11.75,11.30,11.36,108478,-0.155481,-1.65%,9.2961,1.24m,
104,12/16/11,11.76,11.96,11.50,11.55,456388,-0.073647,-0.77%,9.4516,5.29m,
105,12/15/11,11.73,11.7599,11.51,11.64,85851,0.098198,1.04%,9.5252,999.02k,
106,12/14/11,11.46,11.81,11.46,11.52,73558,-0.065469,-0.69%,9.427,852.07k,
107,12/13/11,11.90,12.12,11.53,11.60,117805,-0.147295,-1.53%,9.4925,1.39m,
108,12/12/11,11.57,11.80,11.52,11.78,78997,0.024551,0.26%,9.6398,922.31k,
109,12/09/11,11.48,11.87,11.201,11.75,114338,0.294594,3.16%,9.6152,1.34m,
110,12/08/11,11.65,11.77,11.37,11.39,80370,-0.376426,-3.88%,9.3206,923.27k,
111,12/07/11,11.66,11.91,11.40,11.85,113219,0.106379,1.11%,9.6971,1.33m,
112,12/06/11,11.88,11.88,11.68,11.72,97096,-0.098197,-1.01%,9.5907,1.14m,
113,12/05/11,11.99,12.13,11.79,11.84,123114,0.049099,0.51%,9.6889,1.47m,
114,12/02/11,11.84,12.00,11.69,11.78,85539,0.114566,1.20%,9.6398,1.01m,
115,12/01/11,11.79,11.89,11.63,11.64,111438,-0.163665,-1.69%,9.5252,1.31m,
116,11/30/11,11.46,11.87,11.27,11.84,278161,0.695573,7.73%,9.6889,3.24m,
117,11/29/11,11.21,11.24,10.95,10.99,100748,-0.155482,-1.70%,8.9933,1.11m,
118,11/28/11,11.20,11.27,11.02,11.18,103622,0.302778,3.42%,9.1488,1.16m,
119,11/25/11,10.88,11.35,10.80,10.81,38672,-0.12275,-1.37%,8.846,421.38k,
120,11/24/11,,,,10.96,0,,0.00%,8.9688,,
121,11/23/11,11.11,11.11,10.88,10.96,135493,-0.180028,-1.97%,8.9688,1.49m,
122,11/22/11,11.15,11.37,11.13,11.18,146904,0.00,0.00%,9.1488,1.65m,
123,11/21/11,11.29,11.40,11.13,11.18,125612,-0.270046,-2.87%,9.1488,1.41m,
124,11/18/11,11.55,11.65,11.45,11.51,121963,-0.016367,-0.17%,9.4188,1.41m,
125,11/17/11,11.62,11.8097,11.44,11.53,187017,-0.090013,-0.94%,9.4352,2.16m,
126,11/16/11,11.85,12.00,11.60,11.64,107273,-0.229132,-2.35%,9.5252,1.27m,
127,11/15/11,11.53,11.97,11.53,11.92,135961,0.286417,3.03%,9.7544,1.6m,
128,11/14/11,11.81,11.81,11.395,11.57,125752,-0.245501,-2.53%,9.4679,1.45m,
129,11/11/11,11.73,11.90,11.61,11.87,83781,0.188216,1.98%,9.7134,989.73k,
130,11/10/11,11.63,12.00,11.58,11.64,116830,0.171844,1.84%,9.5252,1.36m,
131,11/09/11,11.62,11.8794,11.41,11.43,165852,-0.392791,-4.03%,9.3534,1.92m,
132,11/08/11,12.01,12.18,11.75,11.91,140985,0.016368,0.17%,9.7462,1.68m,
133,11/07/11,11.68,11.975,11.48,11.89,137612,0.171847,1.80%,9.7298,1.63m,
134,11/04/11,11.62,11.83,11.36,11.68,137399,-0.016371,-0.17%,9.558,1.6m,
135,11/03/11,11.38,11.74,11.10,11.70,182898,0.302782,3.27%,9.5743,2.1m,
136,11/02/11,11.19,11.50,11.01,11.47,234337,0.404165,4.56%,9.2716,2.64m,
137,11/01/11,11.50,11.63,10.88,10.97,714546,-0.767911,-7.97%,8.8674,8.12m,
138,10/31/11,12.00,12.18,11.89,11.92,140248,-0.250584,-2.53%,9.6353,1.68m,
139,10/28/11,12.78,13.01,12.19,12.23,186922,-0.517331,-4.97%,9.8859,2.33m,
140,10/27/11,12.71,13.28,12.65,12.87,251581,0.444583,4.46%,10.4032,3.26m,
141,10/26/11,12.09,12.39,11.88,12.32,126857,0.34758,3.62%,9.9586,1.55m,
142,10/25/11,12.10,12.20,11.81,11.89,134800,-0.282917,-2.86%,9.611,1.61m,
143,10/24/11,12.06,12.30,11.89,12.24,119009,0.161665,1.66%,9.894,1.45m,
144,10/21/11,12.10,12.14,11.78,12.04,169310,0.105085,1.09%,9.7323,2.02m,
145,10/20/11,11.72,12.00,11.47,11.91,109972,0.161668,1.71%,9.6272,1.29m,
146,10/19/11,12.02,12.13,11.54,11.71,116674,-0.258667,-2.66%,9.4655,1.37m,
147,10/18/11,11.23,12.11,11.22,12.03,133501,0.727498,8.09%,9.7242,1.57m,
148,10/17/11,11.76,11.93,11.07,11.13,120018,-0.598166,-6.23%,8.9967,1.36m,
149,10/14/11,11.82,11.90,11.54,11.87,114623,0.161667,1.71%,9.5949,1.35m,
150,10/13/11,11.69,11.94,11.51,11.67,126211,-0.008083,-0.09%,9.4332,1.47m,
1,10/12/11,11.49,11.79,11.41,11.68,113176,0.22633,2.46%,9.4413,1.32m,
2,10/11/11,11.09,11.46,10.84,11.40,119438,0.153586,1.69%,9.215,1.34m,
3,10/10/11,11.00,11.25,10.86,11.21,157672,0.379914,4.38%,9.0614,1.74m,
4,10/07/11,11.09,11.09,10.583,10.74,167953,-0.266749,-2.98%,8.6815,1.81m,
5,10/06/11,10.80,11.10,10.61,11.07,205332,0.210167,2.41%,8.9482,2.24m,
6,10/05/11,10.56,10.88,10.16,10.81,156422,0.177833,2.08%,8.738,1.67m,
7,10/04/11,9.74,10.61,9.70,10.59,234398,0.654747,8.28%,8.5602,1.99m,
8,10/03/11,10.06,10.51,9.77,9.78,238705,-0.282916,-3.46%,7.9055,2.39m,
9,09/30/11,10.39,11.10,10.10,10.13,161510,-0.379914,-4.43%,8.1884,1.66m,
10,09/29/11,10.25,10.60,10.20,10.60,73571,0.493078,6.11%,8.5683,765.18k,
11,09/28/11,10.46,10.63,9.97,9.99,140486,-0.355663,-4.22%,8.0752,1.44m,
12,09/27/11,10.58,10.73,10.29,10.43,157380,0.088916,1.07%,8.4309,1.66m,
13,09/26/11,10.25,10.59,10.01,10.32,131323,0.16975,2.08%,8.342,1.34m,
14,09/23/11,9.99,10.3343,9.82,10.11,203604,0.096997,1.20%,8.1722,2.06m,
15,09/22/11,9.61,10.53,9.61,9.99,321710,0.080834,1.01%,8.0752,3.19m,
16,09/21/11,10.54,10.70,9.85,9.89,141959,-0.493081,-5.81%,7.9944,1.46m,
17,09/20/11,10.63,10.78,10.50,10.50,125998,-0.048501,-0.57%,8.4875,1.34m,
18,09/19/11,10.77,10.88,10.50,10.56,125202,-0.331415,-3.74%,8.536,1.33m,
19,09/16/11,11.33,11.33,10.93,10.97,230357,-0.210166,-2.32%,8.8674,2.55m,
20,09/15/11,11.17,11.24,10.97,11.23,153230,0.145501,1.63%,9.0776,1.71m,
21,09/14/11,10.98,11.16,10.78,11.05,146176,0.169751,1.94%,8.932,1.6m,
22,09/13/11,11.00,11.14,10.725,10.84,157250,-0.048503,-0.55%,8.7623,1.71m,
23,09/12/11,10.745,10.9866,10.55,10.90,143296,0.129334,1.49%,8.8108,1.37m,
24,09/09/11,10.97,11.17,10.59,10.74,151505,-0.290999,-3.24%,8.6815,1.64m,
25,09/08/11,11.29,11.34,11.08,11.10,147839,-0.202083,-2.20%,8.9725,1.66m,
26,09/07/11,11.13,11.38,10.99,11.35,224709,0.339502,3.84%,9.1746,2.52m,
27,09/06/11,10.72,10.95,10.68,10.93,150140,-0.056585,-0.64%,8.835,1.63m,
28,09/05/11,,,,11.00,0,,0.00%,8.8916,,
29,09/02/11,11.32,11.47,10.99,11.00,156536,-0.49308,-5.25%,8.8916,1.75m,
30,09/01/11,12.14,12.24,11.50,11.61,177533,-0.363751,-3.73%,9.3847,2.1m,
31,08/31/11,12.17,12.17,11.87,12.06,177633,-0.016165,-0.17%,9.7485,2.13m,
32,08/30/11,12.13,12.74,11.86,12.08,219387,-0.080833,-0.82%,9.7646,2.67m,
33,08/29/11,11.67,12.18,11.51,12.18,111923,0.541582,5.82%,9.8455,1.35m,
34,08/26/11,11.40,11.65,11.03,11.51,85031,0.040416,0.44%,9.3039,976.53k,
35,08/25/11,11.80,11.88,11.27,11.46,139257,-0.153588,-1.63%,9.2635,1.6m,
36,08/24/11,11.32,11.704,11.32,11.65,124648,0.28292,3.10%,9.4171,1.44m,
37,08/23/11,10.70,11.31,10.57,11.30,135794,0.541582,6.30%,9.1341,1.51m,
38,08/22/11,10.83,11.0696,10.56,10.63,179543,0.137414,1.63%,8.5926,1.94m,
39,08/19/11,10.73,11.05,10.40,10.46,415519,-0.307163,-3.51%,8.4551,4.48m,
40,08/18/11,11.27,11.32,10.81,10.84,195165,-0.582,-6.23%,8.7623,2.14m,
41,08/17/11,11.56,11.79,11.53,11.56,119450,0.056584,0.61%,9.3443,1.39m,
42,08/16/11,11.63,11.69,11.39,11.49,228458,-0.169748,-1.79%,9.2877,2.63m,
43,08/15/11,11.36,11.70,11.36,11.70,175698,0.339497,3.72%,9.4575,2.03m,
44,08/12/11,11.45,11.80,11.01,11.28,205892,-0.048499,-0.53%,9.118,2.31m,
45,08/11/11,10.89,11.55,10.88,11.34,376080,0.436498,5.00%,9.1665,4.22m,
46,08/10/11,11.77,11.77,10.755,10.80,263765,-1.0347,-10.60%,8.73,2.94m,
47,08/09/11,11.81,12.12,10.76,12.08,375928,0.493079,5.32%,9.7646,4.36m,
48,08/08/11,12.83,13.20,11.44,11.47,303112,-1.3337,-12.58%,9.2716,3.69m,
49,08/05/11,13.53,13.53,12.96,13.12,189414,-0.202083,-1.87%,10.6053,2.5m,
50,08/04/11,13.76,13.92,13.37,13.37,139053,-0.396084,-3.54%,10.8074,1.89m,
51,08/03/11,14.01,14.01,13.75,14.00,186727,0.032011,0.29%,11.2035,2.6m,
52,08/02/11,14.16,14.46,13.95,13.96,135136,-0.192058,-1.69%,11.1714,1.92m,
53,08/01/11,14.19,14.25,13.65,14.20,265188,0.120037,1.07%,11.3635,3.72m,
54,07/29/11,13.59,14.20,13.47,14.05,283980,0.272082,2.48%,11.2435,3.98m,
55,07/28/11,13.77,13.80,13.44,13.71,174325,0.00,0.00%,10.9714,2.39m,
56,07/27/11,14.04,14.04,13.70,13.71,195161,-0.28809,-2.56%,10.9714,2.69m,
57,07/26/11,14.36,14.36,14.06,14.07,77718,-0.192057,-1.68%,11.2595,1.1m,
58,07/25/11,14.43,14.58,14.30,14.31,133601,-0.18406,-1.58%,11.4515,1.93m,
59,07/22/11,14.73,14.73,14.52,14.54,104320,-0.128034,-1.09%,11.6356,1.52m,
60,07/21/11,14.96,14.96,14.67,14.70,177671,-0.208069,-1.74%,11.7636,2.63m,
61,07/20/11,15.02,15.14,14.878,14.96,59365,-0.040008,-0.33%,11.9717,888.68k,
62,07/19/11,14.53,15.01,14.44,15.01,118890,0.55217,4.82%,12.0117,1.76m,
63,07/18/11,14.43,14.44,14.20,14.32,86320,-0.120037,-1.04%,11.4595,1.24m,
64,07/15/11,14.66,14.83,14.38,14.47,120633,-0.136041,-1.16%,11.5796,1.76m,
65,07/14/11,14.81,14.81,14.54,14.64,160781,-0.096032,-0.81%,11.7156,2.36m,
66,07/13/11,14.76,14.83,14.64,14.76,275435,0.10403,0.89%,11.8116,4.06m,
67,07/12/11,14.62,14.79,14.61,14.63,82956,0.008006,0.07%,11.7076,1.22m,
68,07/11/11,14.77,14.79,14.58,14.62,123405,-0.232075,-1.95%,11.6996,1.81m,
69,07/08/11,15.01,15.12,14.82,14.91,64500,-0.168051,-1.39%,11.9317,961.58k,
70,07/07/11,15.00,15.17,14.75,15.12,143156,0.168051,1.41%,12.0997,2.15m,
71,07/06/11,14.71,14.97,14.677,14.91,163595,0.112037,0.95%,11.9317,2.43m,
72,07/05/11,14.92,14.99,14.66,14.77,136799,-0.184055,-1.53%,11.8196,2.03m,
73,07/04/11,,,,15.00,0,,0.00%,12.0037,,
74,07/01/11,14.59,15.00,14.59,15.00,147014,0.368108,3.16%,12.0037,2.19m,
75,06/30/11,14.56,14.56,14.35,14.54,114719,0.072026,0.62%,11.6356,1.66m,
76,06/29/11,14.48,14.50,14.35,14.45,82290,-0.008004,-0.07%,11.5636,1.19m,
77,06/28/11,14.35,14.46,14.24,14.46,93625,0.024007,0.21%,11.5716,1.34m,
78,06/27/11,14.20,14.44,13.82,14.43,134333,0.160051,1.41%,11.5476,1.92m,
79,06/24/11,14.31,14.50,14.09,14.23,550646,-0.008004,-0.07%,11.3875,7.85m,
80,06/23/11,13.92,14.25,13.721,14.24,124790,0.184057,1.64%,11.3955,1.76m,
81,06/22/11,13.92,14.19,13.92,14.01,86611,0.064021,0.57%,11.2115,1.22m,
82,06/21/11,13.71,14.04,13.71,13.93,128786,0.216063,1.98%,11.1474,1.8m,
83,06/20/11,13.50,13.84,13.01,13.66,75533,0.08803,0.81%,10.9314,1.03m,
84,06/17/11,13.60,13.80,13.55,13.55,212411,0.016006,0.15%,10.8433,2.89m,
85,06/16/11,13.24,13.64,13.24,13.53,98547,0.216065,2.04%,10.8273,1.33m,
86,06/15/11,13.22,13.59,13.18,13.26,109288,-0.120036,-1.12%,10.6113,1.46m,
87,06/14/11,13.40,13.42,13.00,13.41,80058,0.128041,1.21%,10.7313,1.07m,
88,06/13/11,13.26,13.39,13.09,13.25,77162,0.064019,0.61%,10.6033,1.02m,
89,06/10/11,13.22,13.34,13.13,13.17,54863,-0.088027,-0.83%,10.5393,725.03k,
90,06/09/11,13.47,13.65,13.25,13.28,122206,-0.104033,-0.97%,10.6273,1.63m,
91,06/08/11,13.58,13.64,13.41,13.41,71627,-0.144044,-1.32%,10.7313,965.9k,
92,06/07/11,13.73,13.73,13.50,13.59,62307,-0.008002,-0.07%,10.8754,850.48k,
93,06/06/11,13.66,13.70,13.545,13.60,66612,-0.040012,-0.37%,10.8834,805.47k,
94,06/03/11,13.63,13.83,13.37,13.65,144530,-0.136043,-1.23%,10.9234,1.98m,
95,06/02/11,13.80,13.87,13.64,13.82,92882,0.024008,0.22%,11.0594,1.28m,
96,06/01/11,13.97,13.97,13.77,13.79,164863,-0.184056,-1.64%,11.0354,2.29m,
97,05/31/11,13.95,14.08,13.87,14.02,216377,0.152044,1.37%,11.2195,3.02m,
98,05/30/11,,,,13.83,0,,0.00%,11.0674,,
99,05/27/11,13.56,13.89,13.56,13.83,59510,0.22407,2.07%,11.0674,821.52k,
100,05/26/11,13.46,13.64,13.27,13.55,117656,0.032013,0.30%,10.8433,1.59m,
101,05/25/11,13.33,13.53,13.2806,13.51,100478,0.112031,1.05%,10.8113,1.35m,
102,05/24/11,13.72,13.72,13.36,13.37,102693,-0.280084,-2.55%,10.6993,1.39m,
103,05/23/11,13.72,13.75,13.64,13.72,83022,-0.080026,-0.72%,10.9794,1.14m,
104,05/20/11,13.86,13.99,13.80,13.82,114384,-0.104031,-0.93%,11.0594,1.59m,
105,05/19/11,13.89,14.02,13.70,13.95,105150,0.080022,0.72%,11.1634,1.46m,
106,05/18/11,13.90,13.92,13.81,13.85,61411,-0.032006,-0.29%,11.0834,851.77k,
107,05/17/11,13.93,13.97,13.79,13.89,90905,-0.048016,-0.43%,11.1154,1.26m,
108,05/16/11,14.08,14.19,13.62,13.95,74906,-0.192061,-1.69%,11.1634,1.05m,
109,05/13/11,14.59,14.59,13.95,14.19,88755,-0.320098,-2.74%,11.3555,1.26m,
110,05/12/11,14.41,14.62,14.29,14.59,54440,0.056014,0.48%,11.6756,789.12k,
111,05/11/11,14.82,14.82,14.43,14.52,86081,-0.256077,-2.16%,11.6196,1.25m,
112,05/10/11,14.60,14.96,14.49,14.84,124287,0.240072,2.06%,11.8757,1.83m,
113,05/09/11,14.64,14.66,14.47,14.54,102051,-0.136039,-1.16%,11.6356,1.49m,
114,05/06/11,14.87,15.09,14.65,14.71,203741,-0.032009,-0.27%,11.7716,3m,
115,05/05/11,14.88,14.97,14.72,14.75,92724,-0.104032,-0.87%,11.8036,1.37m,
116,05/04/11,15.14,15.21,15.02,15.02,49596,-0.110991,-0.92%,11.9077,748.06k,
117,05/03/11,15.12,15.25,15.07,15.16,68733,-0.055492,-0.46%,12.0187,1.04m,
118,05/02/11,15.57,15.57,15.21,15.23,73210,-0.182345,-1.49%,12.0742,1.12m,
119,04/29/11,15.38,15.60,15.25,15.46,65267,0.126848,1.05%,12.2565,1.01m,
120,04/28/11,15.06,15.31,15.06,15.30,47088,0.198197,1.66%,12.1297,715.67k,
121,04/27/11,14.85,15.08,14.85,15.05,70892,0.015855,0.13%,11.9315,1.06m,
122,04/26/11,14.74,15.19,14.69,15.03,77539,0.237836,2.04%,11.9156,1.16m,
123,04/25/11,14.76,14.77,14.49,14.73,107490,-0.103061,-0.87%,11.6778,1.57m,
124,04/22/11,,,,14.86,0,,0.00%,11.7808,,
125,04/21/11,15.00,15.02,14.75,14.86,53906,-0.039641,-0.34%,11.7808,799.74k,
126,04/20/11,15.04,15.07,14.75,14.91,84865,0.023785,0.20%,11.8205,1.26m,
127,04/19/11,15.03,15.09,14.88,14.88,80199,-0.071352,-0.60%,11.7967,1.2m,
128,04/18/11,14.86,15.12,14.86,14.97,48045,-0.110988,-0.93%,11.868,720.3k,
129,04/15/11,14.87,15.15,14.87,15.11,81191,0.166484,1.41%,11.979,1.22m,
130,04/14/11,14.77,14.97,14.73,14.90,90291,-0.007929,-0.07%,11.8125,1.34m,
131,04/13/11,15.08,15.08,14.78,14.91,62254,-0.016252,-0.14%,11.8205,929.07k,
132,04/12/11,15.11,15.15,14.92,14.9305,89027,-0.189871,-1.58%,11.8367,1.34m,
133,04/11/11,15.24,15.36,15.17,15.17,89896,-0.031711,-0.26%,12.0266,1.37m,
134,04/08/11,15.44,15.44,15.17,15.21,90895,-0.07928,-0.65%,12.0583,1.39m,
135,04/07/11,15.39,15.50,15.30,15.31,58432,-0.047569,-0.39%,12.1376,898.28k,
136,04/06/11,15.23,15.53,15.13,15.37,84576,0.15856,1.32%,12.1852,1.3m,
137,04/05/11,14.95,15.19,14.84,15.17,119441,0.182337,1.54%,12.0266,1.8m,
138,04/04/11,14.87,14.94,14.77,14.94,58279,0.118924,1.01%,11.8443,867.11k,
139,04/01/11,14.89,14.98,14.66,14.79,102691,0.023779,0.20%,11.7253,1.52m,
140,03/31/11,14.57,14.84,14.08,14.76,177883,0.134777,1.17%,11.7016,2.61m,
141,03/30/11,14.57,14.66,14.40,14.59,82108,0.150629,1.32%,11.5668,1.2m,
142,03/29/11,14.37,14.56,14.23,14.40,115523,0.071349,0.63%,11.4161,1.66m,
143,03/28/11,14.58,14.60,14.171,14.31,118424,-0.166485,-1.45%,11.3448,1.71m,
144,03/25/11,14.17,14.67,14.17,14.52,205979,0.317119,2.83%,11.5113,2.99m,
145,03/24/11,14.19,14.19,14.02,14.12,86437,-0.015858,-0.14%,11.1942,1.22m,
146,03/23/11,14.15,14.18,14.06,14.14,162271,-0.055496,-0.49%,11.21,2.29m,
147,03/22/11,14.39,14.56,14.20,14.21,117852,-0.148648,-1.30%,11.2655,1.69m,
148,03/21/11,14.45,14.54,14.35,14.3975,107369,-0.001981,-0.02%,11.4142,1.55m,
149,03/18/11,14.40,14.51,14.281,14.40,125095,0.055493,0.49%,11.4161,1.8m,
150,03/17/11,14.47,14.75,14.28,14.33,77456,0.00,0.00%,11.3607,,
1,03/16/11,14.48,14.54,14.27,14.33,90581,-0.110987,-0.97%,11.3607,,
2,03/15/11,14.14,14.5425,14.12,14.47,106136,-0.055499,-0.48%,11.4716,,
3,03/14/11,14.46,14.56,14.27,14.54,59995,-0.031709,-0.27%,11.5271,,
4,03/11/11,14.64,14.68,14.39,14.58,89963,-0.063421,-0.55%,11.5588,,
5,03/10/11,15.20,15.20,14.52,14.66,174028,-0.586666,-4.81%,11.6223,,
6,03/09/11,15.33,15.48,15.27,15.40,27914,0.071352,0.59%,12.2089,,
7,03/08/11,15.15,15.36,15.08,15.31,93568,0.134772,1.12%,12.1376,,
8,03/07/11,15.58,15.75,15.13,15.14,72220,-0.29333,-2.39%,12.0028,,
9,03/04/11,15.62,15.62,15.30,15.51,77177,-0.087207,-0.70%,12.2961,,
10,03/03/11,15.45,15.71,15.45,15.62,80849,0.277476,2.29%,12.3833,,
11,03/02/11,15.45,15.46,15.21,15.27,76356,-0.142702,-1.17%,12.1059,,
12,03/01/11,15.61,15.78,15.24,15.45,168297,-0.055494,-0.45%,12.2486,,
13,02/28/11,15.59,15.62,15.30,15.52,93381,-0.023784,-0.19%,12.3041,,
14,02/25/11,15.20,15.57,15.14,15.55,72834,0.30126,2.50%,12.3279,,
15,02/24/11,15.14,15.37,15.06,15.17,132854,0.031712,0.26%,12.0266,,
16,02/23/11,15.28,15.30,15.04,15.13,112202,-0.095139,-0.79%,11.9949,,
17,02/22/11,15.49,15.50,15.18,15.25,79691,-0.253689,-2.06%,12.09,,
18,02/21/11,,,,15.57,0,,0.00%,12.3437,,
19,02/18/11,15.45,15.638,15.30,15.57,71887,0.158556,1.30%,12.3437,,
20,02/17/11,15.28,15.49,15.28,15.37,74091,0.071353,0.59%,12.1852,,
21,02/16/11,15.29,15.39,15.19,15.28,52474,0.02378,0.20%,12.1138,,
22,02/15/11,15.42,15.494,15.25,15.25,103911,-0.174408,-1.42%,12.09,,
23,02/14/11,15.55,15.61,15.46,15.47,47662,-0.04757,-0.39%,12.2644,,
24,02/11/11,15.43,15.60,15.43,15.53,101529,0.015856,0.13%,12.312,,
25,02/10/11,15.51,15.62,15.28,15.51,130496,-0.063423,-0.51%,12.2961,,
26,02/09/11,15.52,15.70,15.4201,15.59,64914,0.023785,0.19%,12.3596,,
27,02/08/11,15.64,15.65,15.40,15.56,82740,-0.079278,-0.64%,12.3358,,
28,02/07/11,15.53,15.79,15.526,15.66,95760,0.095132,0.77%,12.4151,,
29,02/04/11,15.65,15.79,15.51,15.54,100813,-0.126843,-1.02%,12.3199,,
30,02/03/11,15.75,15.81,15.65,15.70,81637,0.031712,0.26%,12.4468,,
31,02/02/11,15.48,15.89,15.48,15.80,123791,0.196439,1.61%,12.4151,,
32,02/01/11,15.28,15.67,15.17,15.55,91427,0.369312,3.12%,12.2186,,
33,01/31/11,15.35,15.35,14.955,15.08,182475,-0.070722,-0.59%,11.8493,,
34,01/28/11,15.02,15.32,14.96,15.17,157730,0.055004,0.46%,11.92,,
35,01/27/11,14.91,15.14,14.885,15.10,115055,0.180725,1.55%,11.865,,
36,01/26/11,14.80,15.05,14.75,14.87,104842,0.062862,0.54%,11.6843,,
37,01/25/11,14.65,14.91,14.65,14.79,89720,0.031432,0.27%,11.6214,,
38,01/24/11,14.61,14.80,14.60,14.75,57385,0.141438,1.24%,11.59,,
39,01/21/11,14.73,14.82,14.52,14.57,130583,-0.007858,-0.07%,11.4486,,
40,01/20/11,14.51,14.75,14.50,14.58,111090,-0.023574,-0.21%,11.4564,,
41,01/19/11,14.97,14.97,14.60,14.61,242403,-0.314305,-2.66%,11.48,,
42,01/18/11,15.08,15.08,14.80,15.01,44195,-0.086435,-0.73%,11.7943,,
43,01/17/11,,,,15.12,0,,0.00%,11.8807,,
44,01/14/11,14.92,15.15,14.92,15.12,46158,0.157152,1.34%,11.8807,,
45,01/13/11,14.86,14.92,14.71,14.92,61080,0.047147,0.40%,11.7236,,
46,01/12/11,15.26,15.26,14.73,14.86,58017,0.117864,1.02%,11.6764,,
47,01/11/11,14.67,14.80,14.466,14.71,87527,0.086436,0.75%,11.5586,,
48,01/10/11,14.35,14.70,14.25,14.60,109025,0.117862,1.04%,11.4721,,
49,01/07/11,14.90,14.91,14.39,14.45,47766,-0.298586,-2.56%,11.3543,,
50,01/06/11,14.82,14.89,14.64,14.83,103347,0.007856,0.07%,11.6529,,
51,01/05/11,14.75,14.88,14.60,14.82,63177,0.023571,0.20%,11.645,,
52,01/04/11,15.24,15.24,14.63,14.79,67035,-0.298591,-2.50%,11.6214,,
53,01/03/11,14.77,15.26,14.77,15.17,115379,0.455743,3.98%,11.92,,
54,12/31/10,14.89,14.98,14.59,14.59,66724,-0.243586,-2.08%,11.4643,,
55,12/30/10,15.14,15.15,14.90,14.90,28958,-0.172868,-1.46%,11.7079,,
56,12/29/10,15.11,15.21,14.93,15.12,38190,0.070718,0.60%,11.8807,,
57,12/28/10,15.41,15.41,14.885,15.03,91151,-0.251444,-2.08%,11.81,,
58,12/27/10,15.01,15.39,14.95,15.35,79303,0.251444,2.13%,12.0615,,
59,12/24/10,,,,15.03,0,,0.00%,11.81,,
60,12/23/10,15.00,15.09,14.95,15.03,47345,0.055006,0.47%,11.81,,
61,12/22/10,14.95,15.0799,14.86,14.96,62774,0.007857,0.07%,11.755,,
62,12/21/10,14.92,15.09,14.78,14.95,91223,0.110006,0.95%,11.7472,,
63,12/20/10,14.81,14.88,14.73,14.81,96288,0.047147,0.41%,11.6372,,
64,12/17/10,14.77,14.83,14.5801,14.75,248825,0.015716,0.14%,11.59,,
65,12/16/10,14.90,14.90,14.69,14.73,85326,-0.117866,-1.01%,11.5743,,
66,12/15/10,14.90,15.039,14.82,14.88,84693,-0.015716,-0.13%,11.6922,,
67,12/14/10,14.97,15.05,14.81,14.90,50845,0.023572,0.20%,11.7079,,
68,12/13/10,14.90,14.96,14.78,14.87,55188,0.007859,0.07%,11.6843,,
69,12/10/10,14.64,14.88,14.56,14.86,42787,0.188586,1.64%,11.6764,,
70,12/09/10,14.78,14.78,14.55,14.62,78362,-0.015716,-0.14%,11.4879,,
71,12/08/10,14.35,14.79,14.29,14.64,83823,0.235727,2.09%,11.5036,,
72,12/07/10,14.33,14.53,14.19,14.34,92653,0.149296,1.34%,11.2678,,
73,12/06/10,14.04,14.23,13.96,14.15,42520,0.031432,0.28%,11.1185,,
74,12/03/10,13.92,14.19,13.79,14.11,84699,0.086431,0.79%,11.0871,,
75,12/02/10,13.67,14.03,13.56,14.00,84908,0.235728,2.19%,11.0007,,
76,12/01/10,13.82,13.82,13.33,13.70,494855,0.03929,0.37%,10.765,,
77,11/30/10,13.77,13.87,13.58,13.65,161689,-0.227874,-2.08%,10.7257,,
78,11/29/10,13.94,14.02,13.70,13.94,167693,-0.078575,-0.71%,10.9535,,
79,11/26/10,14.09,14.12,14.00,14.04,33881,-0.110005,-0.99%,11.0321,,
80,11/25/10,,,,14.18,0,,0.00%,11.1421,,
81,11/24/10,14.13,14.348,14.12,14.18,79445,0.157151,1.43%,11.1421,,
82,11/23/10,13.95,14.10,13.91,13.98,62615,-0.055002,-0.50%,10.985,,
83,11/22/10,14.05,14.09,13.87,14.05,63934,-0.031433,-0.28%,11.04,,
84,11/19/10,14.37,14.37,13.95,14.09,186129,-0.212155,-1.88%,11.0714,,
85,11/18/10,14.32,14.42,14.21,14.36,49168,0.165012,1.48%,11.2836,,
86,11/17/10,14.19,14.30,14.00,14.15,86944,0.00,0.00%,11.1185,,
87,11/16/10,14.37,14.49,14.11,14.15,152044,-0.220011,-1.94%,11.1185,,
88,11/15/10,14.53,14.64,14.40,14.43,89028,0.031426,0.28%,11.3386,,
89,11/12/10,14.69,14.76,14.38,14.39,125890,-0.33002,-2.84%,11.3071,,
90,11/11/10,14.88,14.93,14.70,14.81,103315,-0.196441,-1.66%,11.6372,,
91,11/10/10,14.83,15.07,14.75,15.06,137857,0.204299,1.76%,11.8336,,
92,11/09/10,15.16,15.19,14.75,14.80,135854,-0.275017,-2.31%,11.6293,,
93,11/08/10,15.27,15.36,14.931,15.15,97845,-0.157154,-1.30%,11.9043,,
94,11/05/10,15.21,15.6199,15.06,15.35,136513,0.078577,0.66%,12.0615,,
95,11/04/10,14.95,15.26,14.82,15.25,149585,0.43217,3.74%,11.9829,,
96,11/03/10,14.72,14.84,14.53,14.84,102851,0.077835,0.68%,11.5507,,
97,11/02/10,14.59,14.95,14.59,14.74,85925,0.186805,1.66%,11.4729,,
98,11/01/10,14.61,14.8494,14.36,14.50,363342,-0.077837,-0.68%,11.2861,,
99,10/29/10,14.52,14.60,14.51,14.60,119775,-0.015566,-0.14%,11.3639,,
100,10/28/10,14.60,14.68,14.46,14.62,182476,0.132321,1.18%,11.3795,,
101,10/27/10,14.45,14.71,14.39,14.45,131053,-0.077835,-0.69%,11.2472,,
102,10/26/10,14.42,14.73,14.42,14.55,269818,0.08562,0.76%,11.325,,
103,10/25/10,14.71,14.80,14.42,14.44,119582,-0.155673,-1.37%,11.2394,,
104,10/22/10,14.65,14.68,14.49,14.64,76351,0.023352,0.21%,11.395,,
105,10/21/10,14.70,14.79,14.35,14.61,164952,0.007781,0.07%,11.3717,,
106,10/20/10,14.37,14.74,14.22,14.60,226257,0.186807,1.67%,11.3639,,
107,10/19/10,14.38,14.73,14.03,14.36,113710,-0.210154,-1.85%,11.1771,,
108,10/18/10,14.31,14.65,14.20,14.63,57949,0.272422,2.45%,11.3873,,
109,10/15/10,14.45,14.48,14.18,14.28,172117,0.02335,0.21%,11.1148,,
110,10/14/10,14.50,14.50,14.17,14.25,243859,-0.194588,-1.72%,11.0915,,
111,10/13/10,14.46,14.73,14.30,14.50,242414,0.054487,0.49%,11.2861,,
112,10/12/10,14.33,14.71,14.23,14.43,337125,0.02335,0.21%,11.2316,,
113,10/11/10,14.05,14.44,13.97,14.40,157284,0.264636,2.42%,11.2082,,
114,10/08/10,13.95,14.28,13.94,14.06,103820,0.054486,0.50%,10.9436,,
115,10/07/10,14.02,14.14,13.92,13.99,139476,0.046701,0.43%,10.8891,,
116,10/06/10,13.99,13.99,13.83,13.93,236422,-0.046701,-0.43%,10.8424,,
117,10/05/10,13.90,14.20,13.71,13.99,129462,0.147884,1.38%,10.8891,,
118,10/04/10,14.04,14.23,13.78,13.80,102828,-0.194583,-1.78%,10.7412,,
119,10/01/10,14.04,14.21,13.78,14.05,97379,0.147883,1.37%,10.9358,,
120,09/30/10,13.95,14.0175,13.70,13.86,104699,0.038918,0.36%,10.7879,,
121,09/29/10,13.82,14.10,13.63,13.81,197064,-0.070051,-0.65%,10.749,,
122,09/28/10,13.28,13.92,13.16,13.90,263090,0.53706,5.22%,10.8191,,
123,09/27/10,13.22,13.26,12.958,13.21,146823,0.023351,0.23%,10.282,,
124,09/24/10,12.90,13.19,12.7401,13.18,73304,0.365824,3.70%,10.2587,,
125,09/23/10,12.73,13.07,12.70,12.71,89783,-0.085617,-0.86%,9.8928,,
126,09/22/10,12.86,13.0199,12.38,12.82,84698,-0.093402,-0.93%,9.9784,,
127,09/21/10,12.97,13.22,12.87,12.94,83970,-0.0467,-0.46%,10.0719,,
128,09/20/10,12.41,13.00,12.35,13.00,90625,0.46701,4.84%,10.1186,,
129,09/17/10,12.56,12.66,12.29,12.40,291106,0.00,0.00%,9.6515,,
130,09/16/10,12.44,12.52,12.28,12.40,102194,-0.077836,-0.80%,9.6515,,
131,09/15/10,12.35,12.55,12.33,12.50,71216,0.046702,0.48%,9.7294,,
132,09/14/10,12.62,12.71,12.41,12.44,72649,-0.143995,-1.47%,9.6827,,
133,09/13/10,12.66,12.83,12.50,12.625,154570,0.081728,0.84%,9.8267,,
134,09/10/10,12.57,12.80,12.49,12.52,101920,-0.031134,-0.32%,9.7449,,
135,09/09/10,12.56,12.58,12.37,12.56,87182,0.108969,1.13%,9.7761,,
136,09/08/10,12.36,12.52,12.35,12.42,128297,0.0467,0.49%,9.6671,,
137,09/07/10,12.68,12.71,12.34,12.36,87678,-0.319122,-3.21%,9.6204,,
138,09/06/10,,,,12.77,0,,0.00%,9.9395,,
139,09/03/10,12.90,13.02,12.67,12.77,85529,0.046697,0.47%,9.9395,,
140,09/02/10,12.95,13.08,12.55,12.71,82363,-0.210153,-2.08%,9.8928,,
141,09/01/10,12.66,13.10,12.54,12.98,243472,0.381394,3.92%,10.103,,
142,08/31/10,12.23,12.56,12.2008,12.49,210563,0.179018,1.88%,9.7216,,
143,08/30/10,12.67,12.67,12.21,12.26,137949,-0.373608,-3.77%,9.5426,,
144,08/27/10,12.78,12.78,12.53,12.74,76165,0.085619,0.87%,9.9162,,
145,08/26/10,12.47,12.80,12.38,12.63,118190,0.155668,1.61%,9.8306,,
146,08/25/10,12.27,12.44,12.18,12.43,98882,0.06227,0.65%,9.6749,,
147,08/24/10,12.21,12.50,12.12,12.35,159772,-0.007783,-0.08%,9.6126,,
148,08/23/10,12.60,12.60,12.28,12.36,132817,-0.155669,-1.59%,9.6204,,
149,08/20/10,12.29,12.60,12.18,12.56,140033,0.202368,2.11%,9.7761,,
150,08/19/10,12.22,12.35,12.20,12.30,170387,0.007784,0.08%,9.5737,,
1,08/18/10,12.24,12.46,12.14,12.29,109850,0.038916,0.41%,9.5659,,
2,08/17/10,12.25,12.35,12.15,12.24,79346,0.116754,1.24%,9.527,,
3,08/16/10,11.79,12.10,11.78,12.09,83084,0.163455,1.77%,9.4103,,
4,08/13/10,11.90,12.07,11.79,11.88,105642,-0.077837,-0.83%,9.2468,,
5,08/12/10,11.86,12.09,11.86,11.98,105617,0.038919,0.42%,9.3246,,
6,08/11/10,12.38,12.47,11.90,11.93,169928,-0.459225,-4.71%,9.2857,,
7,08/10/10,12.75,12.78,12.50,12.52,91165,-0.272423,-2.72%,9.7449,,
8,08/09/10,13.00,13.06,12.82,12.87,63173,0.00,0.00%,10.0174,,
9,08/06/10,12.90,13.06,12.77,12.87,114036,-0.108971,-1.08%,10.0174,,
10,08/05/10,13.04,13.14,13.00,13.01,54317,-0.070053,-0.69%,10.1263,,
11,08/04/10,13.03,13.13,13.00,13.10,63694,0.077838,0.77%,10.1964,,
12,08/03/10,13.00,13.22,12.99,13.00,95018,-0.06227,-0.61%,10.1186,,
13,08/02/10,13.35,13.35,12.90,13.08,104368,-0.015568,-0.15%,10.1808,,
14,07/30/10,13.09,13.45,13.09,13.10,56043,-0.163453,-1.58%,10.1964,,
15,07/29/10,13.18,13.43,13.01,13.31,90367,0.256861,2.54%,10.3598,,
16,07/28/10,13.24,13.31,13.05,13.12,121043,-0.16171,-1.58%,10.103,,
17,07/27/10,13.90,14.19,13.18,13.33,414117,-0.739241,-6.72%,10.2647,,
18,07/26/10,13.70,14.32,13.57,14.29,186542,0.523627,5.00%,11.0039,,
19,07/23/10,12.76,13.74,12.76,13.61,126855,0.577534,5.83%,10.4803,,
20,07/22/10,12.80,12.91,12.71,12.86,87397,0.207914,2.14%,9.9028,,
21,07/21/10,13.16,13.16,12.58,12.59,145446,-0.415825,-4.11%,9.6949,,
22,07/20/10,12.48,13.18,12.46,13.13,120174,0.33882,3.47%,10.1107,,
23,07/19/10,12.40,12.72,12.25,12.69,78365,0.223313,2.34%,9.7719,,
24,07/16/10,12.88,12.88,12.38,12.40,108741,-0.469728,-4.69%,9.5485,,
25,07/15/10,13.32,13.32,12.88,13.01,50845,-0.177109,-1.74%,10.0183,,
26,07/14/10,13.32,13.32,13.13,13.24,117709,-0.123209,-1.19%,10.1954,,
27,07/13/10,13.25,13.45,13.07,13.40,120108,0.261817,2.60%,10.3186,,
28,07/12/10,13.41,13.41,13.02,13.06,99196,-0.269516,-2.61%,10.0568,,
29,07/09/10,13.16,13.46,13.15,13.41,152650,0.192509,1.90%,10.3263,,
30,07/08/10,12.90,13.25,12.81,13.16,200642,0.323421,3.30%,10.1338,,
31,07/07/10,12.43,12.75,12.34,12.74,116777,0.300314,3.16%,9.8104,,
32,07/06/10,12.49,12.59,12.25,12.35,120668,0.053904,0.57%,9.51,,
33,07/05/10,,,,12.28,0,,0.00%,9.4561,,
34,07/02/10,12.54,12.58,12.25,12.28,155902,-0.100106,-1.05%,9.4561,,
35,07/01/10,12.29,12.445,12.0901,12.41,199547,0.061606,0.65%,9.5563,,
36,06/30/10,12.02,12.46,12.02,12.33,256284,0.254112,2.75%,9.4946,,
37,06/29/10,11.69,12.37,11.5301,12.00,233321,0.053906,0.59%,9.2405,,
38,06/28/10,12.06,12.09,11.84,11.93,73170,-0.123208,-1.32%,9.1866,,
39,06/25/10,11.98,12.22,11.86,12.09,286687,0.138608,1.51%,9.3098,,
40,06/24/10,12.01,12.18,11.89,11.91,46771,-0.123206,-1.33%,9.1712,,
41,06/23/10,12.14,12.22,11.92,12.07,78619,-0.092411,-0.98%,9.2944,,
42,06/22/10,12.49,12.60,12.17,12.19,69691,-0.169407,-1.77%,9.3868,,
43,06/21/10,12.76,12.76,12.34,12.41,93806,-0.123206,-1.27%,9.5563,,
44,06/18/10,12.62,12.62,12.41,12.57,144599,0.030801,0.32%,9.6795,,
45,06/17/10,12.72,12.725,12.48,12.53,119553,-0.069303,-0.71%,9.6487,,
46,06/16/10,12.61,12.77,12.51,12.62,90439,-0.053902,-0.55%,9.718,,
47,06/15/10,12.43,12.73,12.43,12.69,179354,0.246411,2.59%,9.7719,,
48,06/14/10,12.43,12.49,12.23,12.37,68092,0.069305,0.73%,9.5255,,
49,06/11/10,12.01,12.31,11.93,12.28,130271,0.069301,0.74%,9.4561,,
50,06/10/10,12.14,12.43,12.07,12.19,143908,0.207916,2.27%,9.3868,,
51,06/09/10,12.02,12.0401,11.82,11.92,110576,0.00,0.00%,9.1789,,
52,06/08/10,11.97,11.97,11.52,11.92,69666,0.030803,0.34%,9.1789,,
53,06/07/10,11.96,12.30,11.85,11.88,88789,-0.0462,-0.50%,9.1481,,
54,06/04/10,12.28,12.45,11.91,11.94,107515,-0.523634,-5.39%,9.1943,,
55,06/03/10,12.61,12.80,12.49,12.62,110917,-0.038503,-0.39%,9.718,,
56,06/02/10,12.29,12.6706,12.02,12.67,186761,0.315719,3.34%,9.7565,,
57,06/01/10,12.67,12.78,12.24,12.26,136852,-0.38502,-3.92%,9.4407,,
58,05/31/10,,,,12.76,0,,0.00%,9.8258,,
59,05/28/10,12.83,12.89,12.43,12.76,104768,-0.077007,-0.78%,9.8258,,
60,05/27/10,12.69,12.89,12.46,12.86,75946,0.346519,3.63%,9.9028,,
61,05/26/10,12.30,12.58,12.30,12.41,232058,0.16171,1.72%,9.5563,,
62,05/25/10,11.97,12.23,11.80,12.20,110693,-0.007701,-0.08%,9.3945,,
63,05/24/10,12.46,12.46,12.17,12.21,77219,-0.231009,-2.40%,9.4022,,
64,05/21/10,12.10,12.63,12.09,12.51,196764,0.192508,2.04%,9.6333,,
65,05/20/10,12.99,13.089,12.26,12.26,159743,-0.816248,-7.96%,9.4407,,
66,05/19/10,13.73,13.91,13.22,13.32,164108,-0.338816,-3.20%,10.257,,
67,05/18/10,14.07,14.12,13.63,13.76,149220,-0.223315,-2.06%,10.5958,,
68,05/17/10,13.90,14.05,13.78,14.05,261948,0.184811,1.74%,10.8191,,
69,05/14/10,13.81,13.93,13.68,13.81,155302,-0.069304,-0.65%,10.6343,,
70,05/13/10,13.63,13.97,13.542,13.90,153381,0.207911,1.98%,10.7036,,
71,05/12/10,12.91,13.64,12.83,13.63,177464,0.608336,6.15%,10.4957,,
72,05/11/10,12.51,13.03,12.51,12.84,169200,0.107807,1.10%,9.8874,,
73,05/10/10,12.66,12.83,12.452,12.70,127406,0.500529,5.39%,9.7796,,
74,05/07/10,12.40,12.81,11.83,12.05,166063,-0.192514,-2.03%,9.279,,
75,05/06/10,13.21,13.28,11.18,12.30,254693,-0.739242,-7.24%,9.4715,,
76,05/05/10,13.05,13.66,13.05,13.26,162337,0.130906,1.30%,10.2108,,
77,05/04/10,12.98,13.09,12.78,13.09,146176,-0.069302,-0.68%,10.0799,,
78,05/03/10,12.86,13.25,12.86,13.18,112179,0.331118,3.37%,10.1492,,
79,04/30/10,13.29,13.32,12.75,12.75,150277,-0.446624,-4.35%,9.8181,,
80,04/29/10,13.10,13.37,13.033,13.33,112898,0.315717,3.17%,10.2647,,
81,04/28/10,13.47,13.47,13.0318,13.06,72566,-0.266624,-2.61%,9.949,,
82,04/27/10,13.59,13.71,13.25,13.41,63346,-0.152358,-1.47%,10.2156,,
83,04/26/10,13.84,13.89,13.60,13.61,72707,-0.13712,-1.31%,10.368,,
84,04/23/10,13.80,13.80,13.60,13.79,52940,0.030468,0.29%,10.5051,,
85,04/22/10,13.52,13.81,13.4825,13.75,57558,0.030472,0.29%,10.4746,,
86,04/21/10,13.24,13.745,13.24,13.71,140917,0.342809,3.39%,10.4441,,
87,04/20/10,13.24,13.40,13.18,13.26,84667,0.015234,0.15%,10.1013,,
88,04/19/10,13.01,13.37,13.01,13.24,76142,0.007619,0.08%,10.0861,,
89,04/16/10,13.43,13.48,13.08,13.23,87361,-0.167596,-1.64%,10.0785,,
90,04/15/10,13.3256,13.459,13.19,13.45,65474,0.106654,1.05%,10.2461,,
91,04/14/10,13.13,13.32,13.08,13.31,53710,0.167593,1.68%,10.1394,,
92,04/13/10,13.14,13.189,12.86,13.09,65720,0.007619,0.08%,9.9718,,
93,04/12/10,13.05,13.18,13.005,13.08,60321,0.00,0.00%,9.9642,,
94,04/09/10,13.19,13.20,13.01,13.08,42599,-0.099033,-0.98%,9.9642,,
95,04/08/10,13.21,13.27,13.02,13.21,70425,-0.007622,-0.08%,10.0632,,
96,04/07/10,13.06,13.25,13.0301,13.22,106009,0.076182,0.76%,10.0709,,
97,04/06/10,12.99,13.16,12.98,13.12,59876,0.068563,0.69%,9.9947,,
98,04/05/10,12.56,13.03,12.31,13.03,103656,0.380889,3.99%,9.9261,,
99,04/02/10,,,,12.53,0,,0.00%,9.5452,,
100,04/01/10,12.69,12.71,12.29,12.53,73686,-0.076175,-0.79%,9.5452,,
101,03/31/10,12.74,12.95,12.63,12.63,141226,-0.091416,-0.94%,9.6214,,
102,03/30/10,12.85,12.93,12.71,12.75,81972,-0.06856,-0.70%,9.7128,,
103,03/29/10,12.78,12.94,12.76,12.84,57945,0.053322,0.55%,9.7814,,
104,03/26/10,13.00,13.15,12.75,12.77,84283,-0.167592,-1.69%,9.7281,,
105,03/25/10,13.01,13.19,12.95,12.99,101599,0.007618,0.08%,9.8956,,
106,03/24/10,13.09,13.10,12.90,12.98,90183,-0.114267,-1.14%,9.888,,
107,03/23/10,13.27,13.29,12.96,13.13,129209,-0.144742,-1.43%,10.0023,,
108,03/22/10,13.35,13.428,13.215,13.32,116544,-0.068561,-0.67%,10.147,,
109,03/19/10,13.70,13.77,13.15,13.41,171895,-0.190447,-1.83%,10.2156,,
110,03/18/10,13.62,13.88,13.60,13.66,98932,-0.060941,-0.58%,10.406,,
111,03/17/10,13.35,14.06,13.35,13.74,322787,0.289479,2.84%,10.467,,
112,03/16/10,13.40,13.43,13.24,13.36,75357,-0.022854,-0.22%,10.1775,,
113,03/15/10,13.41,13.45,13.365,13.39,88003,-0.007619,-0.07%,10.2004,,
114,03/12/10,13.42,13.49,13.21,13.40,51976,0.00,0.00%,10.208,,
115,03/11/10,13.30,13.4999,13.30,13.40,57668,0.068564,0.68%,10.208,,
116,03/10/10,13.22,13.57,13.22,13.31,82492,0.045706,0.45%,10.1394,,
117,03/09/10,12.99,13.33,12.84,13.25,77893,0.198064,2.00%,10.0937,,
118,03/08/10,13.17,13.28,12.86,12.99,116600,-0.312334,-3.06%,9.8956,,
119,03/05/10,12.87,13.42,12.85,13.40,136598,0.418986,4.28%,10.208,,
120,03/04/10,12.71,12.89,12.71,12.85,58733,0.152358,1.58%,9.789,,
121,03/03/10,12.76,12.90,12.48,12.65,114803,-0.038091,-0.39%,9.6366,,
122,03/02/10,12.35,12.81,12.34,12.70,125841,0.266628,2.83%,9.6747,,
123,03/01/10,12.18,12.38,11.96,12.35,102046,0.159977,1.73%,9.4081,,
124,02/26/10,12.19,12.22,12.00,12.14,55592,-0.04571,-0.49%,9.2481,,
125,02/25/10,11.99,12.24,11.93,12.20,70243,0.022853,0.25%,9.2938,,
126,02/24/10,12.07,12.27,11.955,12.17,75366,0.159976,1.76%,9.271,,
127,02/23/10,11.89,11.96,11.79,11.96,115689,0.015235,0.17%,9.111,,
128,02/22/10,11.93,12.05,11.862,11.94,80668,0.030474,0.34%,9.0958,,
129,02/19/10,11.90,12.04,11.83,11.90,89403,0.00,0.00%,9.0653,,
130,02/18/10,11.89,11.94,11.82,11.90,122919,0.02285,0.25%,9.0653,,
131,02/17/10,11.89,11.94,11.82,11.87,131894,-0.02285,-0.25%,9.0424,,
132,02/16/10,11.95,12.08,11.82,11.90,87549,0.053325,0.59%,9.0653,,
133,02/15/10,,,,11.83,0,,0.00%,9.012,,
134,02/12/10,11.56,11.88,11.30,11.83,113760,0.121886,1.37%,9.012,,
135,02/11/10,11.30,11.68,11.25,11.67,182638,0.243771,2.82%,8.8901,,
136,02/10/10,11.36,11.436,11.251,11.35,73234,-0.06856,-0.79%,8.6463,,
137,02/09/10,11.37,11.57,11.25,11.44,131297,0.137122,1.60%,8.7149,,
138,02/08/10,11.65,11.65,11.21,11.26,123438,-0.274243,-3.10%,8.5778,,
139,02/05/10,11.64,11.92,11.47,11.62,150820,0.015235,0.17%,8.852,,
140,02/04/10,11.59,11.76,11.50,11.60,142083,-0.03047,-0.34%,8.8368,,
141,02/03/10,11.71,11.855,11.47,11.64,131995,-0.099033,-1.10%,8.8672,,
142,02/02/10,11.79,11.97,11.55,11.77,201892,-0.03809,-0.42%,8.9663,,
143,02/01/10,12.18,12.255,11.77,11.82,204917,-0.205684,-2.23%,9.0044,,
144,01/29/10,12.21,12.56,12.09,12.09,254147,-0.038087,-0.41%,9.21,,
145,01/28/10,12.57,12.59,12.10,12.14,267972,-0.251398,-2.65%,9.2481,,
146,01/27/10,11.67,12.88,11.52,12.61,254269,0.647869,7.32%,9.4995,,
147,01/26/10,11.88,11.92,11.51,11.75,168274,-0.105468,-1.18%,8.8517,,
148,01/25/10,12.13,12.1999,11.81,11.89,98681,-0.0904,-1.00%,8.9571,,
149,01/22/10,12.05,12.23,11.82,12.01,103276,-0.007534,-0.08%,9.0475,,
150,01/21/10,11.88,12.20,11.78,12.02,219693,0.143133,1.61%,9.0551,,
1,01/20/10,11.62,11.87,11.62,11.83,165321,0.060269,0.68%,8.9119,,
2,01/19/10,11.73,11.88,11.71,11.75,181681,0.00753,0.09%,8.8517,,
3,01/18/10,,,,11.74,0,,0.00%,8.8441,,
4,01/15/10,11.79,11.85,11.55,11.74,120808,0.007533,0.09%,8.8441,,
5,01/14/10,11.66,11.88,11.525,11.73,96658,0.00,0.00%,8.8366,,
6,01/13/10,11.64,11.89,11.54,11.73,221954,0.128069,1.47%,8.8366,,
7,01/12/10,11.62,11.73,11.53,11.56,89706,-0.090401,-1.03%,8.7085,,
8,01/11/10,11.70,11.97,11.52,11.68,128299,0.037667,0.43%,8.7989,,
9,01/08/10,11.35,11.70,11.35,11.63,147299,0.165734,1.93%,8.7613,,
10,01/07/10,11.36,11.49,11.36,11.41,93349,0.037666,0.44%,8.5955,,
11,01/06/10,11.48,11.56,11.30,11.36,101144,-0.120532,-1.39%,8.5579,,
12,01/05/10,11.76,11.80,11.49,11.52,137905,-0.21847,-2.46%,8.6784,,
13,01/04/10,11.91,12.04,11.71,11.81,130482,0.060267,0.68%,8.8969,,
14,01/01/10,,,,11.73,0,,0.00%,8.8366,,
15,12/31/09,11.82,12.07,11.72,11.73,140821,-0.105464,-1.18%,8.8366,,
16,12/30/09,11.36,11.87,11.36,11.87,157925,0.3164,3.67%,8.9421,,
17,12/29/09,11.29,11.47,11.19,11.45,70619,0.165734,1.96%,8.6257,,
18,12/28/09,11.52,11.52,11.11,11.23,90131,-0.165734,-1.92%,8.4599,,
19,12/25/09,,,,11.45,0,,0.00%,8.6257,,
20,12/24/09,11.34,11.50,11.30,11.45,41702,0.090401,1.06%,8.6257,,
21,12/23/09,11.54,11.55,11.30,11.33,70066,-0.135601,-1.56%,8.5353,,
22,12/22/09,11.31,11.60,11.19,11.51,90568,0.173266,2.04%,8.6709,,
23,12/21/09,11.30,11.45,11.14,11.28,54240,0.015066,0.18%,8.4976,,
24,12/18/09,11.23,11.263,11.01,11.26,321540,0.128065,1.53%,8.4825,,
25,12/17/09,11.23,11.32,10.91,11.09,83009,-0.188329,-2.20%,8.3545,,
26,12/16/09,11.20,11.4399,11.16,11.34,84126,0.135599,1.61%,8.5428,,
27,12/15/09,11.50,11.55,11.15,11.16,123762,-0.308868,-3.54%,8.4072,,
28,12/14/09,11.45,11.57,11.37,11.57,156367,0.135599,1.58%,8.7161,,
29,12/11/09,11.25,11.44,11.20,11.39,79636,0.128067,1.52%,8.5805,,
30,12/10/09,11.23,11.40,11.10,11.22,357677,0.00,0.00%,8.4524,,
31,12/09/09,11.33,11.45,11.00,11.22,143005,-0.097933,-1.15%,8.4524,,
32,12/08/09,11.49,11.69,11.34,11.35,62420,-0.195867,-2.24%,8.5503,,
33,12/07/09,11.62,11.84,11.50,11.61,53671,-0.037666,-0.43%,8.7462,,
34,12/04/09,11.40,11.77,11.36,11.66,117326,0.376668,4.48%,8.7839,,
35,12/03/09,11.37,11.70,10.79,11.16,76061,-0.135599,-1.59%,8.4072,,
36,12/02/09,11.10,11.40,11.05,11.34,107278,0.165733,1.98%,8.5428,,
37,12/01/09,11.38,11.62,11.07,11.12,217522,-0.090402,-1.07%,8.3771,,
38,11/30/09,11.20,11.3325,11.11,11.24,181043,0.075334,0.90%,8.4675,,
39,11/27/09,11.09,11.40,11.00,11.14,53621,-0.297088,-3.42%,8.3921,,
40,11/26/09,,,,11.42,0,,0.00%,8.6892,,
41,11/25/09,11.81,12.03,11.40,11.42,32954,-0.185046,-2.09%,8.6892,,
42,11/24/09,11.77,11.91,11.58,11.78,40898,-0.015065,-0.17%,8.8743,,
43,11/23/09,11.84,12.10,11.73,11.80,59175,0.128065,1.46%,8.8893,,
44,11/20/09,11.43,11.68,11.41,11.63,66176,0.112999,1.31%,8.7613,,
45,11/19/09,11.74,11.75,11.39,11.48,76954,-0.301332,-3.37%,8.6483,,
46,11/18/09,11.80,11.98,11.74,11.88,111172,0.037666,0.42%,8.9496,,
47,11/17/09,11.66,11.96,11.57,11.83,117590,0.097932,1.11%,8.9119,,
48,11/16/09,11.74,11.93,11.61,11.70,131373,0.090401,1.04%,8.814,,
49,11/13/09,11.58,11.81,11.49,11.58,131463,0.060267,0.70%,8.7236,,
50,11/12/09,11.74,11.91,11.45,11.50,249795,-0.173268,-1.96%,8.6633,,
51,11/11/09,11.96,11.97,11.70,11.73,231951,0.293804,3.44%,8.8366,,
52,11/10/09,11.16,11.43,11.16,11.34,223388,0.112997,1.34%,8.5428,,
53,11/09/09,11.21,11.27,11.00,11.19,153808,0.090404,1.08%,8.4298,,
54,11/06/09,10.75,11.07,10.55,11.07,103991,0.16573,2.03%,8.3394,,
55,11/05/09,10.47,10.88,10.25,10.85,101168,0.3842,4.93%,8.1737,,
56,11/04/09,10.97,10.97,10.31,10.34,95742,-0.459533,-5.57%,7.7895,,
57,11/03/09,10.76,10.97,10.69,10.95,56990,0.052734,0.64%,8.249,,
58,11/02/09,11.03,11.11,10.674,10.88,98519,-0.082869,-1.00%,8.1963,,
59,10/30/09,11.22,11.27,10.79,10.99,193521,-0.263663,-3.09%,8.2791,,
60,10/29/09,11.25,11.5662,11.25,11.34,115356,0.354066,4.32%,8.5428,,
61,10/28/09,11.11,11.11,10.67,10.87,129076,-0.135602,-1.63%,8.1887,,
62,10/27/09,11.42,11.49,11.13,11.19,118315,-0.16366,-1.93%,8.3243,,
63,10/26/09,11.64,11.76,11.24,11.41,83367,-0.133904,-1.55%,8.488,,
64,10/23/09,11.82,11.98,11.45,11.59,95293,-0.163659,-1.86%,8.6219,,
65,10/22/09,11.61,11.90,11.27,11.81,118444,0.163659,1.90%,8.7855,,
66,10/21/09,11.54,11.82,11.54,11.59,141305,0.037196,0.43%,8.6219,,
67,10/20/09,11.81,11.96,11.47,11.54,57689,-0.178538,-2.04%,8.5847,,
68,10/19/09,11.89,11.99,11.61,11.78,60181,-0.022317,-0.25%,8.7632,,
69,10/16/09,11.94,12.06,11.68,11.81,67609,-0.171101,-1.91%,8.7855,,
70,10/15/09,12.06,12.17,11.82,12.04,79400,-0.059514,-0.66%,8.9566,,
71,10/14/09,12.00,12.39,11.98,12.12,81359,0.17854,2.02%,9.0162,,
72,10/13/09,12.16,12.40,11.79,11.88,100625,-0.245489,-2.70%,8.8376,,
73,10/12/09,12.14,12.27,11.97,12.21,207555,0.07439,0.83%,9.0831,,
74,10/09/09,12.04,12.16,11.75,12.11,92455,0.074393,0.83%,9.0087,,
75,10/08/09,12.12,12.31,11.94,12.01,156272,-0.014881,-0.17%,8.9343,,
76,10/07/09,11.71,12.10,11.50,12.03,339149,0.215734,2.47%,8.9492,,
77,10/06/09,11.43,11.75,11.26,11.74,244612,0.260367,3.07%,8.7335,,
78,10/05/09,11.08,11.39,10.93,11.39,124905,0.297564,3.64%,8.4731,,
79,10/02/09,10.86,11.16,10.86,10.99,87598,-0.007437,-0.09%,8.1755,,
80,10/01/09,11.38,11.51,11.00,11.00,117524,-0.319884,-3.76%,8.183,,
81,09/30/09,11.62,11.72,11.27,11.43,92053,-0.148782,-1.72%,8.5029,,
82,09/29/09,11.73,11.95,11.62,11.63,73371,-0.037193,-0.43%,8.6516,,
83,09/28/09,11.42,11.77,11.40,11.68,94088,0.238053,2.82%,8.6888,,
84,09/25/09,11.32,11.46,11.09,11.36,97050,-0.022321,-0.26%,8.4508,,
85,09/24/09,11.38,11.55,11.22,11.39,137652,0.007439,0.09%,8.4731,,
86,09/23/09,11.10,11.50,11.00,11.38,258420,0.119027,1.43%,8.4657,,
87,09/22/09,11.27,11.27,10.95,11.22,246411,0.044635,0.54%,8.3466,,
88,09/21/09,11.18,11.33,10.90,11.16,160855,-0.111585,-1.33%,8.302,,
89,09/18/09,11.72,11.72,11.17,11.31,321079,-0.29013,-3.33%,8.4136,,
90,09/17/09,12.08,12.10,11.68,11.70,143494,-0.28268,-3.15%,8.7037,,
91,09/16/09,11.38,12.11,11.32,12.08,251387,0.528172,6.24%,8.9864,,
92,09/15/09,11.40,11.52,11.16,11.37,184652,-0.022319,-0.26%,8.4582,,
93,09/14/09,10.90,11.44,10.90,11.40,109091,0.305005,3.73%,8.4805,,
94,09/11/09,11.22,11.26,10.97,10.99,102254,-0.208294,-2.48%,8.1755,,
95,09/10/09,11.15,11.27,10.94,11.27,166856,0.052076,0.63%,8.3838,,
96,09/09/09,10.86,11.24,10.78,11.20,81843,0.223169,2.75%,8.3318,,
97,09/08/09,11.11,11.11,10.76,10.90,158229,-0.126462,-1.54%,8.1086,,
98,09/07/09,,,,11.07,0,,0.00%,8.2351,,
99,09/04/09,10.87,11.07,10.73,11.07,117023,0.104148,1.28%,8.2351,,
100,09/03/09,10.87,11.14,10.70,10.93,192975,0.089266,1.11%,8.1309,,
101,09/02/09,11.05,11.12,10.79,10.81,225949,-0.178538,-2.17%,8.0416,,
102,09/01/09,11.13,11.40,10.96,11.05,288375,-0.111583,-1.34%,8.2202,,
103,08/31/09,11.67,11.69,11.13,11.20,367247,-0.409152,-4.68%,8.3318,,
104,08/28/09,12.06,12.23,11.61,11.75,237050,-0.171099,-1.92%,8.7409,,
105,08/27/09,12.24,12.24,11.852,11.98,170156,-0.260366,-2.84%,8.912,,
106,08/26/09,12.49,12.70,12.29,12.33,99491,-0.178538,-1.91%,9.1724,,
107,08/25/09,12.50,12.74,12.33,12.57,76844,0.148783,1.62%,9.3509,,
108,08/24/09,12.51,12.66,12.29,12.37,119461,-0.066952,-0.72%,9.2021,,
109,08/21/09,12.50,12.60,12.37,12.46,281386,0.089266,0.97%,9.2691,,
110,08/20/09,12.22,12.502,12.22,12.34,154002,0.037195,0.41%,9.1798,,
111,08/19/09,12.09,12.36,12.08,12.29,151201,0.066956,0.74%,9.1426,,
112,08/18/09,12.42,12.61,12.04,12.20,363902,-0.133907,-1.45%,9.0757,,
113,08/17/09,12.10,12.53,11.52,12.38,122250,0.081833,0.90%,9.2096,,
114,08/14/09,12.46,12.51,12.02,12.27,97712,-0.126465,-1.37%,9.1277,,
115,08/13/09,12.46,12.73,12.10,12.44,167379,0.014878,0.16%,9.2542,,
116,08/12/09,12.25,12.52,12.24,12.42,108123,0.111587,1.22%,9.2393,,
117,08/11/09,12.33,12.50,12.10,12.27,183303,-0.126465,-1.37%,9.1277,,
118,08/10/09,12.22,12.55,12.03,12.44,120219,0.066951,0.73%,9.2542,,
119,08/07/09,12.29,12.78,12.2858,12.35,174010,0.215729,2.40%,9.1873,,
120,08/06/09,12.59,12.71,12.02,12.06,181369,-0.371949,-3.98%,8.9715,,
121,08/05/09,12.73,12.79,12.39,12.56,151927,-0.089271,-0.95%,9.3435,,
122,08/04/09,12.64,12.83,12.58,12.68,150578,-0.014879,-0.16%,9.4327,,
123,08/03/09,12.13,12.94,12.04,12.70,313377,0.490979,5.48%,9.4476,,
124,07/31/09,12.11,12.27,11.70,12.04,229477,-0.066948,-0.74%,8.9566,,
125,07/30/09,12.23,12.58,12.00,12.13,243131,0.029754,0.33%,9.0236,,
126,07/29/09,11.30,12.165,11.25,12.09,297285,0.587688,6.99%,8.9938,,
127,07/28/09,11.41,11.72,11.02,11.44,282991,-0.014694,-0.17%,8.4062,,
128,07/27/09,10.69,11.48,10.49,11.46,212790,0.587841,7.50%,8.4208,,
129,07/24/09,10.66,10.79,10.45,10.66,84231,-0.110221,-1.39%,7.833,,
130,07/23/09,10.11,10.84,10.00,10.81,268054,0.484972,6.50%,7.9432,,
131,07/22/09,9.92,10.23,9.83,10.15,121764,0.102872,1.40%,7.4583,,
132,07/21/09,10.35,10.35,9.82,10.01,213797,-0.1837,-2.44%,7.3554,,
133,07/20/09,10.49,10.58,10.12,10.26,153665,-0.102872,-1.35%,7.5391,,
134,07/17/09,10.43,10.71,10.17,10.40,343522,0.00,0.00%,7.642,,
135,07/16/09,10.04,10.51,10.04,10.40,319592,0.257179,3.48%,7.642,,
136,07/15/09,10.00,10.28,9.97,10.05,206728,0.139613,1.93%,7.3848,,
137,07/14/09,9.36,9.9645,9.36,9.86,498501,0.52171,7.76%,7.2452,,
138,07/13/09,8.81,9.2081,8.78,9.15,147930,0.301271,4.69%,6.7234,,
139,07/10/09,8.62,8.77,8.54,8.74,237482,0.066133,1.04%,6.4222,,
140,07/09/09,8.76,8.94,8.59,8.65,135192,-0.014698,-0.23%,6.356,,
141,07/08/09,8.82,8.85,8.54,8.67,117567,-0.058785,-0.91%,6.3707,,
142,07/07/09,8.94,9.10,8.7002,8.75,155608,-0.117568,-1.80%,6.4295,,
143,07/06/09,9.02,9.23,8.82,8.91,235698,-0.124919,-1.87%,6.5471,,
144,07/03/09,,,,9.08,0,,0.00%,6.672,,
145,07/02/09,9.03,9.24,8.97,9.08,219891,-0.080826,-1.20%,6.672,,
146,07/01/09,9.15,9.39,9.06,9.19,193223,0.058782,0.88%,6.7528,,
147,06/30/09,9.11,9.20,8.83,9.11,333468,0.007348,0.11%,6.6941,,
148,06/29/09,9.15,9.24,8.92,9.10,205458,-0.02939,-0.44%,6.6867,,
149,06/26/09,8.64,9.24,8.60,9.14,688288,0.323315,5.06%,6.7161,,
150,06/25/09,8.39,8.75,8.33,8.70,189433,0.191047,3.08%,6.3928,,
1,06/24/09,8.00,8.48,7.98,8.44,686085,0.411491,7.11%,6.2017,,
2,06/23/09,8.09,8.10,7.84,7.88,215388,-0.044089,-0.76%,5.7902,,
3,06/22/09,8.03,8.12,7.82,7.94,265643,-0.095524,-1.61%,5.8343,,
4,06/19/09,8.50,8.74,8.02,8.07,543914,-0.301272,-4.83%,5.9299,,
5,06/18/09,8.32,8.78,8.20,8.48,126094,0.139616,2.29%,6.2311,,
6,06/17/09,8.46,8.46,8.12,8.29,132320,-0.139616,-2.24%,6.0915,,
7,06/16/09,8.71,8.81,8.30,8.48,155541,-0.088174,-1.40%,6.2311,,
8,06/15/09,8.63,8.75,8.50,8.60,203737,-0.139612,-2.16%,6.3193,,
9,06/12/09,8.49,8.80,8.3399,8.79,112299,0.191047,3.05%,6.4589,,
10,06/11/09,8.69,8.83,8.51,8.53,103680,-0.080829,-1.27%,6.2679,,
11,06/10/09,8.76,8.83,8.57,8.64,181020,-0.02939,-0.46%,6.3487,,
12,06/09/09,8.60,8.76,8.53,8.68,250983,0.073479,1.17%,6.3781,,
13,06/08/09,8.60,8.77,8.49,8.58,144284,-0.080828,-1.27%,6.3046,,
14,06/05/09,8.96,9.03,8.62,8.69,119031,-0.161656,-2.47%,6.3854,,
15,06/04/09,8.70,8.9214,8.52,8.91,148488,0.176353,2.77%,6.5471,,
16,06/03/09,8.61,8.74,8.46,8.67,118254,0.00,0.00%,6.3707,,
17,06/02/09,8.90,8.92,8.58,8.67,298715,-0.183701,-2.80%,6.3707,,
18,06/01/09,9.00,9.03,8.74,8.92,331525,0.007348,0.11%,6.5544,,
19,05/29/09,8.38,8.93,8.22,8.91,354457,0.389446,6.32%,6.5471,,
20,05/28/09,8.35,8.47,8.11,8.38,237231,0.095526,1.58%,6.1577,,
21,05/27/09,8.40,8.67,8.25,8.25,179983,-0.191051,-3.06%,6.0621,,
22,05/26/09,8.26,8.55,8.21,8.51,395576,0.191051,3.15%,6.2532,,
23,05/25/09,,,,8.25,0,,0.00%,6.0621,,
24,05/22/09,8.21,8.42,8.10,8.25,231526,0.051438,0.86%,6.0621,,
25,05/21/09,8.18,8.34,8.01,8.18,180086,-0.066137,-1.09%,6.0107,,
26,05/20/09,8.36,8.45,8.19,8.27,249887,0.007349,0.12%,6.0768,,
27,05/19/09,8.59,8.95,8.07,8.26,374482,-0.330661,-5.17%,6.0695,,
28,05/18/09,7.70,8.75,7.70,8.71,375216,0.837677,15.06%,6.4001,,
29,05/15/09,7.79,7.99,7.35,7.57,212878,-0.176357,-3.07%,5.5625,,
30,05/14/09,7.07,7.84,7.04,7.81,658459,0.587843,11.41%,5.7388,,
31,05/13/09,7.83,7.84,6.98,7.01,473807,-0.698063,-11.93%,5.151,,
32,05/12/09,8.23,8.35,7.72,7.96,368408,-0.124913,-2.09%,5.849,,
33,05/11/09,8.75,8.75,8.07,8.13,276872,-0.507015,-7.82%,5.9739,,
34,05/08/09,8.67,8.98,8.34,8.82,243477,0.176351,2.80%,6.481,,
35,05/07/09,8.60,8.75,8.30,8.58,307566,-0.00735,-0.12%,6.3046,,
36,05/06/09,8.15,8.63,8.01,8.59,300560,0.382101,6.44%,6.312,,
37,05/05/09,8.43,8.51,8.01,8.07,286252,-0.41884,-6.60%,5.9299,,
38,05/04/09,8.09,8.66,7.83,8.64,259102,0.484972,8.27%,6.3487,,
39,05/01/09,8.34,8.35,7.96,7.98,178544,-0.264527,-4.32%,5.8637,,
40,04/30/09,8.64,8.97,8.30,8.34,317279,-0.139616,-2.23%,6.1283,,
41,04/29/09,8.39,8.90,8.21,8.53,518153,-0.022044,-0.35%,6.2679,,
42,04/28/09,8.29,8.84,8.18,8.56,153740,0.213094,3.51%,6.2899,,
43,04/27/09,8.63,8.90,8.37,8.41,223157,-0.281802,-4.43%,6.0768,,
44,04/24/09,8.58,8.93,8.01,8.80,201689,0.209546,3.41%,6.3586,,
45,04/23/09,9.15,9.30,8.46,8.51,247084,-0.433545,-6.59%,6.1491,,
46,04/22/09,9.33,9.62,9.08,9.11,259760,-0.303476,-4.41%,6.5826,,
47,04/21/09,8.62,9.55,8.21,9.53,293013,0.614185,9.79%,6.8861,,
48,04/20/09,9.30,9.44,8.66,8.68,184035,-0.650316,-9.39%,6.2719,,
49,04/17/09,9.67,9.767,9.41,9.58,269939,-0.028903,-0.42%,6.9222,,
50,04/16/09,9.61,9.68,9.20,9.62,295419,0.086711,1.26%,6.9511,,
51,04/15/09,9.42,9.54,9.23,9.50,280197,0.036127,0.53%,6.8644,,
52,04/14/09,10.69,10.69,9.44,9.45,343984,-0.997149,-12.74%,6.8283,,
53,04/13/09,10.55,10.90,10.47,10.83,210128,0.13729,1.79%,7.8254,,
54,04/10/09,,,,10.64,0,,0.00%,7.6882,,
55,04/09/09,9.94,10.67,9.653,10.64,265444,0.657542,9.35%,7.6882,,
56,04/08/09,9.81,9.87,9.48,9.73,160799,0.050578,0.72%,7.0306,,
57,04/07/09,9.48,9.93,9.41,9.66,157895,0.021676,0.31%,6.98,,
58,04/06/09,9.89,9.98,9.50,9.63,155786,-0.289032,-3.99%,6.9584,,
59,04/03/09,9.69,10.06,9.49,10.03,239399,0.202326,2.87%,7.2474,,
60,04/02/09,9.78,9.99,9.45,9.75,182695,0.173416,2.52%,7.0451,,
61,04/01/09,9.26,9.72,9.1004,9.51,176974,0.093932,1.39%,6.8716,,
62,03/31/09,9.23,9.51,8.9903,9.38,356761,0.224,3.42%,6.7777,,
63,03/30/09,9.39,9.50,9.02,9.07,267197,-0.426318,-6.11%,6.5537,,
64,03/27/09,9.72,10.25,9.50,9.66,385773,-0.173419,-2.42%,6.98,,
65,03/26/09,9.71,9.95,9.26,9.90,295243,0.231223,3.34%,7.1535,,
66,03/25/09,9.28,9.76,9.09,9.58,219750,0.260128,3.90%,6.9222,,
67,03/24/09,9.89,10.05,9.14,9.22,186864,-0.563609,-7.80%,6.6621,,
68,03/23/09,9.25,10.00,9.20,10.00,315748,0.722571,11.11%,7.2257,,
69,03/20/09,9.10,9.27,8.66,9.00,302419,0.00,0.00%,6.5031,,
70,03/19/09,9.53,9.62,8.98,9.00,207671,-0.29625,-4.36%,6.5031,,
71,03/18/09,9.00,9.57,8.78,9.41,768360,0.245674,3.75%,6.7994,,
72,03/17/09,9.22,9.30,8.89,9.07,342227,-0.151742,-2.26%,6.5537,,
73,03/16/09,10.00,10.08,9.24,9.28,244861,-0.455219,-6.36%,6.7055,,
74,03/13/09,9.80,10.60,9.65,9.91,313345,0.469671,7.02%,7.1607,,
75,03/12/09,8.01,9.30,7.81,9.26,330324,0.903212,15.61%,6.691,,
76,03/11/09,7.32,8.09,7.18,8.01,313619,0.549157,10.48%,5.7878,,
77,03/10/09,6.67,7.64,6.46,7.25,614573,0.252898,5.07%,5.2386,,
78,03/09/09,7.33,7.40,6.76,6.90,217846,-0.382963,-7.13%,4.9857,,
79,03/06/09,7.68,7.83,7.35,7.43,241673,-0.137286,-2.49%,5.3687,,
80,03/05/09,8.49,8.59,7.56,7.62,232261,-0.722573,-11.60%,5.506,,
81,03/04/09,9.27,9.41,8.53,8.62,184677,-0.354062,-5.38%,6.2286,,
82,03/03/09,9.84,9.85,9.01,9.11,202845,-0.411862,-5.89%,6.5826,,
83,03/02/09,9.63,10.05,9.61,9.68,172394,-0.130064,-1.83%,6.9945,,
84,02/27/09,9.84,10.23,9.72,9.86,189982,-0.130058,-1.79%,7.1246,,
85,02/26/09,9.36,10.40,9.34,10.04,300788,0.527472,7.84%,7.2546,,
86,02/25/09,8.96,9.68,8.87,9.31,213864,0.187869,2.87%,6.7271,,
87,02/24/09,8.80,9.06,8.42,9.05,314199,0.252901,4.02%,6.5393,,
88,02/23/09,8.93,9.10,8.66,8.70,211151,-0.122838,-1.92%,6.2864,,
89,02/20/09,8.78,9.08,8.57,8.87,224196,-0.043354,-0.67%,6.4092,,
90,02/19/09,9.16,9.39,8.87,8.93,141444,-0.108387,-1.65%,6.4526,,
91,02/18/09,9.34,9.38,9.00,9.08,165931,-0.079479,-1.20%,6.5609,,
92,02/17/09,9.48,9.6397,9.17,9.19,286993,-0.31071,-4.47%,6.6404,,
93,02/16/09,,,,9.62,0,,0.00%,6.9511,,
94,02/13/09,10.00,10.1434,9.62,9.62,279293,-0.289026,-3.99%,6.9511,,
95,02/12/09,9.89,10.16,9.47,10.02,271341,-0.057805,-0.79%,7.2402,,
96,02/11/09,9.81,10.25,9.81,10.10,176134,0.130059,1.81%,7.298,,
97,02/10/09,10.25,10.47,9.90,9.92,292012,-0.310701,-4.15%,7.1679,,
98,02/09/09,10.23,10.53,10.10,10.35,131069,0.028902,0.39%,7.4786,,
99,02/06/09,9.76,10.35,9.43,10.31,287660,0.36851,5.20%,7.4497,,
100,02/05/09,9.34,9.91,9.27,9.80,179041,0.296254,4.37%,7.0812,,
101,02/04/09,9.41,9.66,9.19,9.39,241490,-0.050577,-0.74%,6.7849,,
102,02/03/09,10.15,10.15,9.37,9.46,320847,-0.469674,-6.43%,6.8355,,
103,02/02/09,9.87,10.16,9.44,10.11,326401,0.04335,0.60%,7.3052,,
104,01/30/09,10.24,10.49,10.01,10.05,208991,-0.07948,-1.08%,7.2618,,
105,01/29/09,11.32,11.32,10.07,10.16,313563,-0.867083,-10.56%,7.3413,,
106,01/28/09,11.61,11.64,11.21,11.50,367863,0.00,0.00%,8.2084,,
107,01/27/09,11.48,11.60,11.15,11.50,215975,-0.021415,-0.26%,8.2084,,
108,01/26/09,11.46,11.83,11.25,11.53,316289,0.021415,0.26%,8.2298,,
109,01/23/09,11.49,11.70,9.54,11.50,729597,-0.356888,-4.17%,8.2084,,
110,01/22/09,12.36,12.79,11.61,12.00,165688,-0.506779,-5.59%,8.5653,,
111,01/21/09,11.97,12.74,11.56,12.71,245477,0.635258,7.53%,9.0721,,
112,01/20/09,12.37,12.92,11.82,11.82,250525,-0.571021,-6.34%,8.4368,,
113,01/19/09,,,,12.62,0,,0.00%,9.0078,,
114,01/16/09,12.57,12.62,12.07,12.62,146039,0.121343,1.37%,9.0078,,
115,01/15/09,12.34,12.75,12.06,12.45,193893,0.099929,1.14%,8.8865,,
116,01/14/09,13.03,13.12,12.31,12.31,171108,-0.678085,-7.16%,8.7866,,
117,01/13/09,12.82,13.39,12.79,13.26,228730,0.314061,3.43%,9.4646,,
118,01/12/09,12.94,13.31,12.72,12.82,172923,-0.09993,-1.08%,9.1506,,
119,01/09/09,13.47,13.47,12.93,12.96,237514,-0.342609,-3.57%,9.2505,,
120,01/08/09,12.95,13.60,12.90,13.44,133341,0.299784,3.23%,9.5931,,
121,01/07/09,13.10,13.18,12.88,13.02,183584,-0.242685,-2.54%,9.2933,,
122,01/06/09,13.01,13.49,12.84,13.36,123790,0.34261,3.73%,9.536,,
123,01/05/09,13.14,13.41,12.67,12.88,161062,-0.164165,-1.75%,9.1934,,
124,01/02/09,13.33,13.3885,12.94,13.11,93220,-0.135616,-1.43%,9.3576,,
125,01/01/09,,,,13.30,0,,0.00%,9.4932,,
126,12/31/08,12.60,13.45,12.46,13.30,184363,0.556743,6.23%,9.4932,,
127,12/30/08,12.05,12.54,11.90,12.52,380984,0.435403,5.12%,8.9365,,
128,12/29/08,11.88,12.04,11.70,11.91,295884,0.014275,0.17%,8.5011,,
129,12/26/08,11.88,12.00,11.66,11.89,210364,0.064239,0.76%,8.4868,,
130,12/25/08,,,,11.80,0,,0.00%,8.4225,,
131,12/24/08,11.85,12.04,11.72,11.80,139629,-0.028551,-0.34%,8.4225,,
132,12/23/08,12.30,12.30,11.71,11.84,369333,-0.299786,-3.43%,8.4511,,
133,12/22/08,12.78,12.824,11.88,12.26,285669,-0.342611,-3.77%,8.7509,,
134,12/19/08,13.33,13.464,12.55,12.74,393736,-0.164169,-1.77%,9.0935,,
135,12/18/08,13.87,14.11,12.83,12.97,433302,-0.535327,-5.47%,9.2577,,
136,12/17/08,13.65,14.22,13.32,13.72,378405,-0.142757,-1.44%,9.793,,
137,12/16/08,13.36,13.92,12.76,13.92,185171,0.649536,6.99%,9.9357,,
138,12/15/08,14.03,14.03,12.84,13.01,139477,-0.685228,-6.87%,9.2862,,
139,12/12/08,12.80,14.24,12.49,13.97,131024,0.599572,6.40%,9.9714,,
140,12/11/08,13.78,14.12,13.07,13.13,231486,-0.649534,-6.48%,9.3719,,
141,12/10/08,14.13,14.59,13.50,14.04,157590,0.049962,0.50%,10.0214,,
142,12/09/08,14.05,14.70,13.86,13.97,284561,-0.221268,-2.17%,9.9714,,
143,12/08/08,13.99,14.34,12.92,14.28,246020,0.492506,5.08%,10.1927,,
144,12/05/08,12.50,13.61,12.39,13.59,188582,0.571018,6.25%,9.7002,,
145,12/04/08,12.33,13.30,12.33,12.79,235098,0.114204,1.27%,9.1292,,
146,12/03/08,11.76,12.73,11.76,12.63,280891,0.421127,4.90%,9.015,,
147,12/02/08,11.15,12.04,10.75,12.04,300129,0.84939,10.97%,8.5938,,
148,12/01/08,13.07,13.20,10.77,10.85,276094,-1.8772,-19.51%,7.7445,,
149,11/28/08,13.56,13.79,13.05,13.48,85804,-0.185583,-1.89%,9.6217,,
150,11/27/08,,,,13.74,0,,0.00%,9.8073,,
1,11/26/08,13.39,13.92,12.93,13.74,202240,-0.042824,-0.43%,9.8073,,
2,11/25/08,13.88,14.04,13.12,13.80,179619,0.171302,1.77%,9.8501,,
3,11/24/08,12.45,13.71,12.33,13.56,249739,0.792291,8.92%,9.6788,,
4,11/21/08,12.60,12.98,11.35,12.45,408280,0.121344,1.38%,8.8865,,
5,11/20/08,13.08,13.61,12.21,12.28,277394,-0.63526,-6.76%,8.7651,,
6,11/19/08,14.16,14.60,13.17,13.17,210075,-0.835116,-8.16%,9.4004,,
7,11/18/08,14.69,15.20,13.60,14.34,181725,-0.199857,-1.92%,10.2355,,
8,11/17/08,14.87,15.36,14.61,14.62,191083,-0.285511,-2.66%,10.4354,,
9,11/14/08,15.99,16.86,14.94,15.02,129659,-0.949316,-8.13%,10.7209,,
10,11/13/08,15.04,16.59,14.47,16.35,234895,1.0278,9.66%,11.6702,,
11,11/12/08,14.90,15.86,14.73,14.91,143498,-0.228409,-2.10%,10.6424,,
12,11/11/08,14.78,15.88,14.78,15.23,111706,0.164165,1.53%,10.8708,,
13,11/10/08,16.37,16.37,14.93,15.00,106538,-0.271231,-2.47%,10.7066,,
14,11/07/08,15.78,15.84,15.04,15.38,144329,-0.171308,-1.54%,10.9778,,
15,11/06/08,15.90,16.40,15.57,15.62,148942,-0.392574,-3.40%,11.1492,,
16,11/05/08,17.14,17.25,15.95,16.17,151318,-0.91363,-7.34%,11.5417,,
17,11/04/08,17.10,17.49,16.47,17.45,176140,0.406849,3.38%,12.4554,,
18,11/03/08,16.59,16.91,16.07,16.88,102777,0.12848,1.08%,12.0485,,
19,10/31/08,15.51,16.83,15.51,16.70,173536,0.7566,6.78%,11.92,,
20,10/30/08,15.31,15.65,14.74,15.64,114612,0.542471,5.11%,11.1634,,
21,10/29/08,15.39,15.60,14.50,14.88,186517,-0.21414,-1.98%,10.621,,
22,10/28/08,14.61,15.35,13.88,15.32,160790,0.841634,8.42%,10.8351,,
23,10/27/08,14.75,15.65,14.13,14.13,186610,-0.502151,-4.78%,9.9935,,
24,10/24/08,14.27,15.51,14.27,14.84,210827,0.035363,0.34%,10.4956,,
25,10/23/08,14.95,15.63,14.355,14.79,359911,-0.04951,-0.47%,10.4603,,
26,10/22/08,14.91,15.55,14.77,14.86,227095,-0.247538,-2.30%,10.5098,,
27,10/21/08,15.40,15.61,15.20,15.21,215928,-0.367768,-3.31%,10.7573,,
28,10/20/08,16.03,16.03,15.2295,15.73,183700,-0.049507,-0.44%,11.1251,,
29,10/17/08,16.09,16.85,14.53,15.80,228913,-0.55873,-4.76%,11.1746,,
30,10/16/08,15.25,16.75,14.78,16.59,199196,1.0609,9.94%,11.7333,,
31,10/15/08,15.89,16.58,15.08,15.09,181518,-0.976007,-8.38%,10.6724,,
32,10/14/08,16.50,16.72,15.81,16.47,202278,0.127305,1.10%,11.6484,,
33,10/13/08,16.12,16.43,14.9801,16.29,268817,0.523369,4.76%,11.5211,,
34,10/10/08,14.00,15.67,13.50,15.55,305779,0.96186,9.58%,10.9978,,
35,10/09/08,15.94,16.15,14.19,14.19,342293,-1.2235,-10.87%,10.0359,,
36,10/08/08,16.06,17.24,15.26,15.92,160334,-0.396062,-3.40%,11.2594,,
37,10/07/08,16.35,17.35,15.86,16.48,109447,-0.099015,-0.84%,11.6555,,
38,10/06/08,17.03,17.69,15.98,16.62,141539,-0.622384,-5.03%,11.7545,,
39,10/03/08,16.53,17.55,16.43,17.50,146892,0.983083,8.63%,12.3769,,
40,10/02/08,16.15,16.55,15.91,16.11,163532,-0.091944,-0.80%,11.3938,,
41,10/01/08,15.01,16.24,15.01,16.24,169924,0.721399,6.70%,11.4858,,
42,09/30/08,14.80,15.71,14.78,15.22,174049,0.212174,2.01%,10.7644,,
43,09/29/08,16.47,16.82,12.00,14.92,157573,-1.3155,-11.08%,10.5522,,
44,09/26/08,16.43,17.74,16.01,16.78,121770,-0.339481,-2.78%,11.8677,,
45,09/25/08,16.49,17.64,16.49,17.26,119377,0.30412,2.55%,12.2072,,
46,09/24/08,16.40,17.86,16.40,16.83,100772,-0.04951,-0.41%,11.903,,
47,09/23/08,17.90,19.09,16.10,16.90,249006,-0.431424,-3.48%,11.9526,,
48,09/22/08,19.25,19.50,17.51,17.51,111700,-1.7611,-12.45%,12.384,,
49,09/19/08,21.55,23.55,16.63,20.00,652110,1.2306,9.53%,14.145,,
50,09/18/08,16.65,18.50,15.85,18.26,574936,1.3933,12.09%,12.9144,,
51,09/17/08,16.66,17.50,16.17,16.29,457304,-0.678962,-5.57%,11.5211,,
52,09/16/08,16.14,17.25,16.05,17.25,324646,0.530439,4.55%,12.2001,,
53,09/15/08,16.88,17.47,16.43,16.50,272584,-0.55873,-4.57%,11.6697,,
54,09/12/08,16.89,17.55,16.89,17.29,294891,0.056581,0.46%,12.2284,,
55,09/11/08,17.01,17.43,16.59,17.21,318113,0.077799,0.64%,12.1718,,
56,09/10/08,17.34,17.55,16.65,17.10,298970,0.09194,0.77%,12.094,,
57,09/09/08,16.56,17.27,16.56,16.97,576765,0.16267,1.37%,12.0021,,
58,09/08/08,16.81,17.00,16.07,16.74,376309,0.374844,3.27%,11.8394,,
59,09/05/08,15.68,16.29,15.56,16.21,169967,0.268756,2.40%,11.4646,,
60,09/04/08,16.34,16.43,15.81,15.83,159942,-0.50215,-4.29%,11.1958,,
61,09/03/08,16.46,16.99,16.21,16.54,206153,0.021217,0.18%,11.6979,,
62,09/02/08,16.82,16.99,15.62,16.51,171412,0.063655,0.55%,11.6767,,
63,09/01/08,,,,16.42,0,,0.00%,11.6131,,
64,08/29/08,16.41,16.50,16.20,16.42,123614,-0.099017,-0.85%,11.6131,,
65,08/28/08,16.30,16.561,15.98,16.56,158878,0.19803,1.72%,11.7121,,
66,08/27/08,16.26,16.50,16.03,16.28,147217,0.02829,0.25%,11.5141,,
67,08/26/08,15.98,16.26,15.81,16.24,167567,0.190958,1.69%,11.4858,,
68,08/25/08,16.11,16.15,15.88,15.97,173113,-0.176812,-1.54%,11.2948,,
69,08/22/08,15.80,16.25,15.80,16.22,155187,0.488004,4.44%,11.4716,,
70,08/21/08,15.57,15.72,15.47,15.53,155980,-0.205105,-1.83%,10.9836,,
71,08/20/08,15.98,16.74,15.42,15.82,163818,-0.077796,-0.69%,11.1887,,
72,08/19/08,16.08,16.24,15.81,15.93,186615,-0.212177,-1.85%,11.2665,,
73,08/18/08,16.91,16.97,16.20,16.23,216153,-0.438495,-3.68%,11.4787,,
74,08/15/08,16.73,16.95,16.475,16.85,285458,0.233392,2.00%,11.9172,,
75,08/14/08,15.87,16.785,15.87,16.52,175748,0.311193,2.74%,11.6838,,
76,08/13/08,16.22,16.41,15.88,16.08,387070,-0.05658,-0.50%,11.3726,,
77,08/12/08,16.49,17.00,16.11,16.16,280777,-0.318265,-2.71%,11.4292,,
78,08/11/08,16.22,16.67,15.88,16.61,248721,0.275829,2.40%,11.7475,,
79,08/08/08,15.54,16.26,15.54,16.22,204291,0.445568,4.04%,11.4716,,
80,08/07/08,15.86,16.18,15.53,15.59,232444,-0.339479,-2.99%,11.0261,,
81,08/06/08,16.40,16.49,15.88,16.07,378672,-0.289975,-2.49%,11.3655,,
82,08/05/08,16.66,16.77,16.28,16.48,265444,0.049508,0.43%,11.6555,,
83,08/04/08,16.73,16.73,16.2139,16.41,269387,-0.212173,-1.80%,11.606,,
84,08/01/08,16.95,16.99,16.49,16.71,427357,-0.014147,-0.12%,11.8182,,
85,07/31/08,16.50,16.99,16.48,16.73,299182,-0.035364,-0.30%,11.8323,,
86,07/30/08,16.92,17.10,16.40,16.78,331913,-0.05658,-0.47%,11.8677,,
87,07/29/08,16.44,16.89,16.14,16.86,355589,0.438496,3.82%,11.9243,,
88,07/28/08,16.72,17.04,16.17,16.38,256344,-0.301517,-2.56%,11.4858,,
89,07/25/08,16.82,17.35,16.53,16.81,284589,0.084143,0.72%,11.7873,,
90,07/24/08,17.99,17.99,16.63,16.69,270092,-0.862487,-6.86%,11.7031,,
91,07/23/08,18.00,18.40,17.55,17.92,390889,-0.007011,-0.06%,12.5656,,
92,07/22/08,16.65,18.00,16.59,17.93,280606,0.617062,5.16%,12.5726,,
93,07/21/08,17.43,17.43,16.96,17.05,225194,-0.126213,-1.04%,11.9556,,
94,07/18/08,16.97,17.29,16.13,17.23,226981,0.196337,1.65%,12.0818,,
95,07/17/08,16.23,17.00,14.84,16.95,373126,0.64511,5.74%,11.8855,,
96,07/16/08,14.47,16.03,14.46,16.03,287745,0.876509,8.46%,11.2403,,
97,07/15/08,14.95,15.52,14.31,14.78,291389,-0.273472,-2.57%,10.3638,,
98,07/14/08,15.56,16.41,15.00,15.17,264167,-0.567977,-5.07%,10.6373,,
99,07/11/08,15.56,16.24,15.3786,15.98,255743,0.175299,1.59%,11.2053,,
100,07/10/08,15.23,16.12,15.23,15.73,153562,0.322556,3.01%,11.03,,
101,07/09/08,16.18,16.41,15.27,15.27,242843,-0.687178,-6.03%,10.7074,,
102,07/08/08,14.86,16.27,14.86,16.25,379067,0.918576,8.77%,11.3946,,
103,07/07/08,15.67,15.80,14.51,14.94,556214,-0.462797,-4.23%,10.476,,
104,07/04/08,,,,15.60,0,,0.00%,10.9388,,
105,07/03/08,15.86,15.9875,15.60,15.60,157343,-0.175299,-1.58%,10.9388,,
106,07/02/08,16.46,16.75,15.76,15.85,233189,-0.476823,-4.11%,11.1141,,
107,07/01/08,16.32,16.97,16.12,16.53,395148,0.014024,0.12%,11.591,,
108,06/30/08,16.95,17.06,16.51,16.51,228542,-0.350601,-2.94%,11.5769,,
109,06/27/08,17.30,17.61,16.97,17.01,421620,-0.252432,-2.07%,11.9275,,
110,06/26/08,17.35,17.64,17.25,17.37,154827,-0.112197,-0.91%,12.18,,
111,06/25/08,17.24,18.03,17.24,17.53,421683,0.196339,1.62%,12.2922,,
112,06/24/08,16.99,17.48,16.85,17.25,229349,0.140239,1.17%,12.0958,,
113,06/23/08,16.96,17.19,16.85,17.05,239977,0.126218,1.07%,11.9556,,
114,06/20/08,16.61,16.95,16.18,16.87,360470,0.105181,0.90%,11.8294,,
115,06/19/08,16.99,17.06,16.49,16.72,225662,-0.196337,-1.65%,11.7242,,
116,06/18/08,16.88,17.19,16.74,17.00,137621,0.049085,0.41%,11.9205,,
117,06/17/08,17.29,17.35,16.82,16.93,119335,-0.231397,-1.91%,11.8714,,
118,06/16/08,16.60,17.27,16.60,17.26,222641,0.427732,3.66%,12.1028,,
119,06/13/08,16.85,16.90,16.37,16.65,403004,-0.03506,-0.30%,11.6751,,
120,06/12/08,16.61,17.07,16.49,16.70,123794,0.140243,1.21%,11.7102,,
121,06/11/08,16.82,16.84,16.45,16.50,208101,-0.273469,-2.31%,11.5699,,
122,06/10/08,17.04,17.29,16.65,16.89,316684,-0.189325,-1.57%,11.8434,,
123,06/09/08,17.44,17.55,17.10,17.16,343547,-0.2314,-1.89%,12.0327,,
124,06/06/08,17.91,18.11,17.43,17.49,145980,-0.392674,-3.10%,12.2641,,
125,06/05/08,17.61,18.25,17.61,18.05,159394,0.308528,2.50%,12.6568,,
126,06/04/08,17.34,17.77,17.16,17.61,242514,0.147253,1.21%,12.3483,,
127,06/03/08,17.58,17.75,17.34,17.40,132828,-0.196337,-1.58%,12.201,,
128,06/02/08,18.18,18.18,17.30,17.68,232896,-0.350601,-2.75%,12.3973,,
129,05/30/08,18.18,18.24,17.72,18.18,277517,0.014025,0.11%,12.7479,,
130,05/29/08,17.87,18.30,17.87,18.16,146290,0.140238,1.11%,12.7339,,
131,05/28/08,18.41,18.45,17.73,17.96,105369,-0.238409,-1.86%,12.5937,,
132,05/27/08,18.12,18.41,18.00,18.30,184166,0.112194,0.88%,12.8321,,
133,05/26/08,,,,18.14,0,,0.00%,12.7199,,
134,05/23/08,18.38,18.38,18.01,18.14,114203,-0.175302,-1.36%,12.7199,,
135,05/22/08,17.89,18.42,17.83,18.39,115784,0.343589,2.74%,12.8952,,
136,05/21/08,17.72,18.14,17.56,17.90,217668,0.084146,0.67%,12.5516,,
137,05/20/08,18.01,18.10,17.73,17.78,135529,-0.196337,-1.55%,12.4675,,
138,05/19/08,18.86,18.93,18.01,18.06,263968,-0.539932,-4.09%,12.6638,,
139,05/16/08,19.31,19.31,18.45,18.83,201731,-0.28048,-2.08%,13.2037,,
140,05/15/08,18.98,19.27,18.75,19.23,339036,0.203348,1.53%,13.4842,,
141,05/14/08,18.80,19.05,18.80,18.94,271354,0.09817,0.74%,13.2809,,
142,05/13/08,18.72,18.96,18.51,18.80,272263,0.056097,0.43%,13.1827,,
143,05/12/08,18.32,18.74,18.25,18.72,159963,0.378653,2.97%,13.1266,,
144,05/09/08,17.90,18.26,17.78,18.18,202737,0.119205,0.94%,12.7479,,
145,05/08/08,18.22,18.31,17.92,18.01,218832,-0.098172,-0.77%,12.6287,,
146,05/07/08,18.48,18.65,18.14,18.15,229742,-0.245421,-1.89%,12.7269,,
147,05/06/08,18.40,19.05,18.34,18.50,422577,-0.021036,-0.16%,12.9723,,
148,05/05/08,18.39,18.57,17.89,18.53,395985,0.028049,0.22%,12.9934,,
149,05/02/08,18.74,19.05,18.46,18.49,576703,-0.189327,-1.44%,12.9653,,
150,05/01/08,18.61,18.88,18.25,18.76,437622,0.063108,0.48%,13.1546,,
1,04/30/08,18.59,18.83,18.48,18.67,364413,0.070121,0.54%,13.0915,,
2,04/29/08,18.65,18.71,18.47,18.57,322014,-0.028048,-0.21%,13.0214,,
3,04/28/08,18.57,18.85,18.50,18.61,392371,0.077133,0.59%,13.0495,,
4,04/25/08,18.77,18.80,18.35,18.50,329962,-0.112196,-0.86%,12.9723,,
5,04/24/08,18.14,18.67,18.10,18.66,439766,0.273472,2.13%,13.0845,,
6,04/23/08,18.70,18.70,18.12,18.27,331121,-0.315541,-2.40%,12.8111,,
7,04/22/08,17.98,18.75,17.67,18.72,1297621,1.2271,10.31%,13.1266,,
8,04/21/08,17.56,17.62,16.97,16.97,198609,-0.581998,-4.66%,11.8995,,
9,04/18/08,17.57,17.89,17.39,17.80,235391,0.371633,3.07%,12.4815,,
10,04/17/08,17.50,17.61,17.07,17.27,256984,-0.266456,-2.15%,12.1098,,
11,04/16/08,16.76,17.73,16.65,17.65,248024,0.764317,6.58%,12.3763,,
12,04/15/08,16.71,16.95,16.51,16.56,251671,-0.070122,-0.60%,11.612,,
13,04/14/08,16.55,17.09,16.37,16.66,480055,0.091156,0.79%,11.6821,,
14,04/11/08,17.09,17.17,16.51,16.53,548723,-0.392674,-3.28%,11.591,,
15,04/10/08,16.94,17.25,16.81,17.09,353474,0.119204,1.00%,11.9836,,
16,04/09/08,17.48,17.60,16.91,16.92,328180,-0.33658,-2.76%,11.8644,,
17,04/08/08,17.48,17.97,17.32,17.40,338502,-0.133229,-1.08%,12.201,,
18,04/07/08,17.83,18.12,17.50,17.59,334478,-0.056097,-0.45%,12.3342,,
19,04/04/08,18.08,18.08,17.62,17.67,276418,-0.224385,-1.78%,12.3903,,
20,04/03/08,17.91,18.46,17.87,17.99,607212,0.007013,0.06%,12.6147,,
21,04/02/08,17.75,18.02,17.68,17.98,642979,0.12622,1.01%,12.6077,,
22,04/01/08,17.81,18.50,17.57,17.80,735366,0.224384,1.83%,12.4815,,
23,03/31/08,16.83,17.76,16.82,17.48,662417,0.406698,3.43%,12.2571,,
24,03/28/08,16.51,16.99,16.38,16.90,214174,0.231398,1.99%,11.8504,,
25,03/27/08,16.78,16.99,16.41,16.57,208516,-0.098167,-0.84%,11.619,,
26,03/26/08,16.87,17.05,16.4801,16.71,227741,-0.175302,-1.47%,11.7172,,
27,03/25/08,17.14,17.30,16.79,16.96,336329,-0.077134,-0.64%,11.8925,,
28,03/24/08,17.06,17.40,16.96,17.07,518641,-0.252432,-2.07%,11.9696,,
29,03/21/08,,,,17.43,0,,0.00%,12.222,,
30,03/20/08,16.67,17.83,16.46,17.43,951173,0.666146,5.76%,12.222,,
31,03/19/08,16.77,17.18,16.47,16.48,405221,-0.252434,-2.14%,11.5559,,
32,03/18/08,16.55,16.85,16.19,16.84,365933,0.399688,3.50%,11.8083,,
33,03/17/08,15.64,16.55,15.64,16.27,233802,0.147252,1.31%,11.4086,,
34,03/14/08,16.34,16.47,15.63,16.06,216662,-0.126217,-1.11%,11.2614,,
35,03/13/08,15.27,16.35,15.27,16.24,163375,0.532917,4.91%,11.3876,,
36,03/12/08,15.95,16.265,15.41,15.48,194926,-0.315544,-2.82%,10.8547,,
37,03/11/08,15.10,15.94,15.01,15.93,197989,0.883523,8.59%,11.1702,,
38,03/10/08,14.74,14.98,14.56,14.67,123343,-0.028049,-0.27%,10.2867,,
39,03/07/08,14.33,15.05,14.33,14.71,208870,0.1753,1.73%,10.3148,,
40,03/06/08,14.51,14.66,14.35,14.46,258056,-0.084144,-0.82%,10.1395,,
41,03/05/08,15.16,15.16,14.50,14.58,240336,-0.343592,-3.25%,10.2236,,
42,03/04/08,14.73,15.14,14.65,15.07,283449,0.105183,1.01%,10.5672,,
43,03/03/08,15.15,15.25,14.70,14.92,275865,-0.210362,-1.97%,10.462,,
44,02/29/08,15.45,15.69,15.19,15.22,232102,-0.350603,-3.18%,10.6724,,
45,02/28/08,16.12,16.26,15.72,15.72,345720,-0.462799,-4.03%,11.023,,
46,02/27/08,16.11,16.39,15.84,16.38,305324,0.175304,1.55%,11.4858,,
47,02/26/08,15.91,16.27,15.84,16.13,346047,0.063109,0.56%,11.3105,,
48,02/25/08,15.74,16.05,15.38,16.04,105170,0.189321,1.71%,11.2474,,
49,02/22/08,15.37,15.80,15.17,15.77,186079,0.315545,2.94%,11.058,,
50,02/21/08,15.74,15.88,15.31,15.32,136379,-0.203346,-1.86%,10.7425,,
51,02/20/08,15.34,15.65,15.29,15.61,121002,0.112192,1.04%,10.9458,,
52,02/19/08,15.64,15.80,15.34,15.45,111014,-0.084145,-0.77%,10.8336,,
53,02/18/08,,,,15.57,0,,0.00%,10.9178,,
54,02/15/08,15.45,15.64,15.36,15.57,113355,0.007011,0.06%,10.9178,,
55,02/14/08,15.72,15.85,15.45,15.56,189600,-0.063111,-0.58%,10.9108,,
56,02/13/08,15.15,15.78,15.15,15.65,382859,0.476824,4.54%,10.9739,,
57,02/12/08,15.15,15.70,14.88,14.97,314688,-0.049084,-0.47%,10.4971,,
58,02/11/08,15.13,15.60,15.00,15.04,263498,-0.077134,-0.73%,10.5462,,
59,02/08/08,15.73,15.92,15.02,15.15,132662,-0.413711,-3.75%,10.6233,,
60,02/07/08,15.05,15.89,14.85,15.74,269816,0.48383,4.58%,11.037,,
61,02/06/08,15.07,15.44,14.77,15.05,186272,0.126219,1.21%,10.5532,,
62,02/05/08,14.63,15.19,14.61,14.87,284657,-0.049087,-0.47%,10.4269,,
63,02/04/08,15.34,15.34,14.87,14.94,251344,-0.308531,-2.86%,10.476,,
64,02/01/08,15.12,15.51,14.85,15.38,202863,0.245425,2.33%,10.7846,,
65,01/31/08,14.07,15.44,14.03,15.03,295614,0.490846,4.88%,10.5391,,
66,01/30/08,14.72,14.85,14.27,14.33,284157,-0.371641,-3.57%,10.0483,,
67,01/29/08,14.58,15.17,14.32,14.86,285574,0.385666,3.84%,10.4199,,
68,01/28/08,13.95,15.14,13.76,14.45,423050,0.48609,5.09%,10.0343,,
69,01/25/08,13.42,14.42,13.42,13.75,405765,0.229154,2.46%,9.5482,,
70,01/24/08,13.65,13.85,13.17,13.42,156407,-0.222211,-2.33%,9.319,,
71,01/23/08,12.04,13.74,12.04,13.74,411648,0.958292,11.17%,9.5412,,
72,01/22/08,11.60,12.91,11.45,12.36,229142,0.243045,2.91%,8.5829,,
73,01/21/08,,,,12.01,0,,0.00%,8.3399,,
74,01/18/08,12.25,12.68,11.68,12.01,146777,-0.166661,-1.96%,8.3399,,
75,01/17/08,12.63,12.69,12.19,12.25,106225,-0.215265,-2.47%,8.5066,,
76,01/16/08,12.59,13.13,12.50,12.56,148003,-0.062499,-0.71%,8.7218,,
77,01/15/08,12.46,13.02,12.46,12.65,268893,-0.006944,-0.08%,8.7843,,
78,01/14/08,12.55,12.76,12.27,12.66,165036,0.187491,2.18%,8.7913,,
79,01/11/08,12.91,12.99,12.39,12.39,120951,-0.451368,-4.98%,8.6038,,
80,01/10/08,12.84,13.37,12.43,13.04,148231,0.013889,0.15%,9.0551,,
81,01/09/08,12.64,13.04,12.13,13.02,164415,0.277764,3.17%,9.0413,,
82,01/08/08,13.56,13.72,12.56,12.62,337615,-0.284708,-3.15%,8.7635,,
83,01/07/08,12.69,13.32,12.69,13.03,264002,0.263876,3.00%,9.0482,,
84,01/04/08,12.79,13.34,12.64,12.65,315560,-0.229156,-2.54%,8.7843,,
85,01/03/08,12.59,13.09,12.59,12.98,188022,0.27082,3.10%,9.0135,,
86,01/02/08,12.70,13.04,12.47,12.59,102642,-0.124991,-1.41%,8.7427,,
87,01/01/08,,,,12.77,0,,0.00%,8.8677,,
88,12/31/07,12.80,13.09,12.45,12.77,136063,-0.041668,-0.47%,8.8677,,
89,12/28/07,13.04,13.35,12.83,12.83,99098,-0.055551,-0.62%,8.9093,,
90,12/27/07,13.50,13.68,12.91,12.91,107005,-0.486089,-5.14%,8.9649,,
91,12/26/07,13.29,13.80,13.10,13.61,125142,0.124995,1.34%,9.451,,
92,12/25/07,,,,13.43,0,,0.00%,9.326,,
93,12/24/07,13.26,13.52,13.20,13.43,45562,0.097215,1.05%,9.326,,
94,12/21/07,13.27,13.71,13.04,13.29,439717,0.208326,2.31%,9.2288,,
95,12/20/07,13.36,13.45,12.79,12.99,212777,-0.145826,-1.59%,9.0204,,
96,12/19/07,13.32,13.83,13.14,13.20,230926,-0.097217,-1.05%,9.1662,,
97,12/18/07,14.00,14.03,13.29,13.34,221412,-0.319436,-3.33%,9.2635,,
98,12/17/07,13.40,13.82,13.30,13.80,129616,0.201383,2.15%,9.5829,,
99,12/14/07,13.83,14.21,13.46,13.51,93274,-0.374983,-3.84%,9.3815,,
100,12/13/07,13.63,14.11,13.50,14.05,137180,0.152769,1.59%,9.7565,,
101,12/12/07,14.34,14.60,13.50,13.83,155363,-0.124994,-1.28%,9.6037,,
102,12/11/07,14.89,14.89,14.00,14.01,168209,-0.541642,-5.27%,9.7287,,
103,12/10/07,13.78,15.09,13.78,14.79,543442,0.986068,10.62%,10.2704,,
104,12/07/07,13.64,13.64,13.085,13.37,114692,-0.138881,-1.47%,9.2843,,
105,12/06/07,13.38,13.65,13.37,13.57,174908,0.097218,1.04%,9.4232,,
106,12/05/07,13.47,13.54,13.21,13.43,70621,0.138879,1.51%,9.326,,
107,12/04/07,13.24,13.37,13.18,13.23,131629,-0.104159,-1.12%,9.1871,,
108,12/03/07,13.55,13.56,13.36,13.38,157526,-0.131938,-1.40%,9.2912,,
109,11/30/07,13.10,13.57,13.10,13.57,317441,0.479144,5.36%,9.4232,,
110,11/29/07,13.10,13.26,12.85,12.88,158069,-0.222211,-2.42%,8.944,,
111,11/28/07,12.90,13.49,12.76,13.20,173693,0.340259,3.86%,9.1662,,
112,11/27/07,12.05,12.78,12.01,12.71,259206,0.493033,5.92%,8.826,,
113,11/26/07,12.68,12.68,12.00,12.00,128532,-0.472202,-5.36%,8.333,,
114,11/23/07,12.40,12.86,12.24,12.68,48896,0.284712,3.34%,8.8052,,
115,11/22/07,,,,12.27,0,,0.00%,8.5204,,
116,11/21/07,12.55,12.73,12.16,12.27,134723,-0.229155,-2.62%,8.5204,,
117,11/20/07,12.35,12.62,12.06,12.60,146831,0.159715,1.86%,8.7496,,
118,11/19/07,12.74,12.74,11.99,12.37,171931,-0.36804,-4.11%,8.5899,,
119,11/16/07,13.21,13.21,12.615,12.90,167941,-0.173604,-1.90%,8.9579,,
120,11/15/07,13.40,13.73,13.01,13.15,173295,-0.236099,-2.52%,9.1315,,
121,11/14/07,13.84,13.90,13.38,13.49,94124,-0.194435,-2.03%,9.3676,,
122,11/13/07,13.53,13.89,13.33,13.77,148018,0.284706,3.07%,9.5621,,
123,11/12/07,13.46,13.96,13.32,13.36,116019,-0.090271,-0.96%,9.2774,,
124,11/09/07,13.05,13.64,12.80,13.49,173138,0.097217,1.05%,9.3676,,
125,11/08/07,12.88,13.39,12.60,13.35,155318,0.416647,4.71%,9.2704,,
126,11/07/07,13.34,13.50,12.75,12.75,189276,-0.583308,-6.18%,8.8538,,
127,11/06/07,13.41,13.62,13.23,13.59,100012,0.152773,1.65%,9.4371,,
128,11/05/07,13.36,13.50,13.2808,13.37,90428,-0.215268,-2.27%,9.2843,,
129,11/02/07,13.49,13.90,13.20,13.68,156201,0.256932,2.78%,9.4996,,
130,11/01/07,14.15,14.15,13.25,13.31,175870,-0.749966,-7.51%,9.2426,,
131,10/31/07,14.29,14.50,14.09,14.39,154117,0.145828,1.48%,9.9926,,
132,10/30/07,14.22,14.33,14.03,14.18,103570,-0.08333,-0.84%,9.8468,,
133,10/29/07,14.33,14.44,13.97,14.30,114839,0.07639,0.78%,9.9301,,
134,10/26/07,13.97,14.33,13.78,14.33,89032,0.405701,4.29%,9.8537,,
135,10/25/07,13.88,14.16,13.60,13.74,115329,-0.07564,-0.79%,9.448,,
136,10/24/07,13.79,13.86,13.18,13.85,201411,-0.048137,-0.50%,9.5237,,
137,10/23/07,13.76,13.96,13.43,13.92,132162,0.185658,1.98%,9.5718,,
138,10/22/07,12.85,13.78,12.76,13.65,222330,0.446958,5.00%,9.3861,,
139,10/19/07,13.59,13.64,13.00,13.00,169310,-0.371317,-3.99%,8.9392,,
140,10/18/07,13.27,13.71,13.27,13.54,203998,0.096268,1.04%,9.3105,,
141,10/17/07,13.74,13.83,13.20,13.40,161084,-0.123773,-1.33%,9.2142,,
142,10/16/07,13.62,13.81,13.58,13.58,125381,-0.103141,-1.09%,9.338,,
143,10/15/07,13.91,14.23,13.65,13.73,279013,-0.178785,-1.86%,9.4411,,
144,10/12/07,14.00,14.33,13.95,13.99,139414,-0.048135,-0.50%,9.6199,,
145,10/11/07,14.52,14.61,13.85,14.06,138742,-0.288806,-2.90%,9.6681,,
146,10/10/07,14.63,14.63,14.39,14.48,91514,-0.103142,-1.03%,9.9569,,
147,10/09/07,14.57,14.72,14.43,14.63,138550,0.075641,0.76%,10.06,,
148,10/08/07,14.82,14.96,14.49,14.52,320809,-0.261302,-2.55%,9.9844,,
149,10/05/07,15.30,15.30,14.82,14.90,341450,-0.165028,-1.59%,10.2457,,
150,10/04/07,15.30,15.30,14.91,15.14,124731,-0.048134,-0.46%,10.4107,,
1,10/03/07,15.22,15.33,14.97,15.21,78615,-0.089394,-0.85%,10.4588,,
2,10/02/07,15.20,15.56,14.99,15.34,121931,0.089394,0.85%,10.5482,,
3,10/01/07,15.00,15.36,14.74,15.21,101817,0.16503,1.60%,10.4588,,
4,09/28/07,14.35,15.07,14.26,14.97,478394,0.405703,4.10%,10.2938,,
5,09/27/07,14.59,14.60,14.21,14.38,110905,-0.082516,-0.83%,9.8881,,
6,09/26/07,14.65,14.78,14.37,14.50,112347,-0.061891,-0.62%,9.9706,,
7,09/25/07,14.55,14.75,14.45,14.59,254275,-0.075634,-0.75%,10.0325,,
8,09/24/07,14.69,15.06,14.45,14.70,239322,-0.550107,-5.16%,10.1081,,
9,09/21/07,15.86,15.86,15.31,15.50,403368,-0.1444,-1.34%,10.6582,,
10,09/20/07,15.88,15.99,15.44,15.71,222843,-0.158155,-1.44%,10.8026,,
11,09/19/07,15.60,15.98,15.37,15.94,211995,0.330059,3.10%,10.9608,,
12,09/18/07,14.40,15.80,14.14,15.46,286102,0.797651,8.11%,10.6307,,
13,09/17/07,14.24,14.34,14.01,14.30,98296,0.034382,0.35%,9.8331,,
14,09/14/07,13.91,14.27,13.85,14.25,61185,0.116897,1.21%,9.7987,,
15,09/13/07,14.18,14.20,13.80,14.08,84556,-0.013754,-0.14%,9.6818,,
16,09/12/07,13.84,14.19,13.81,14.10,133894,0.123773,1.29%,9.6956,,
17,09/11/07,13.63,13.92,13.50,13.92,138665,0.254422,2.73%,9.5718,,
18,09/10/07,13.45,13.64,12.98,13.55,134229,0.110023,1.19%,9.3174,,
19,09/07/07,13.28,13.54,13.28,13.39,240793,0.027505,0.30%,9.2073,,
20,09/06/07,13.50,13.55,13.33,13.35,103009,-0.08939,-0.96%,9.1798,,
21,09/05/07,13.60,13.60,13.30,13.48,97468,-0.137527,-1.46%,9.2692,,
22,09/04/07,13.59,13.82,13.59,13.68,101691,0.034381,0.37%,9.4068,,
23,09/03/07,,,,13.63,0,,0.00%,9.3724,,
24,08/31/07,14.00,14.00,13.56,13.63,105798,-0.103145,-1.09%,9.3724,,
25,08/30/07,13.90,14.10,13.63,13.78,74917,-0.116899,-1.22%,9.4755,,
26,08/29/07,13.55,14.21,13.44,13.95,156092,0.32319,3.49%,9.5924,,
27,08/28/07,13.83,14.00,13.42,13.48,165511,-0.343816,-3.58%,9.2692,,
28,08/27/07,14.01,14.16,13.80,13.98,106720,-0.034384,-0.36%,9.613,,
29,08/24/07,13.75,14.32,13.55,14.03,243652,0.220042,2.33%,9.6474,,
30,08/23/07,14.20,14.20,13.68,13.71,95240,-0.288804,-2.97%,9.4274,,
31,08/22/07,13.86,14.455,13.62,14.13,287042,0.295682,3.14%,9.7162,,
32,08/21/07,13.83,14.23,13.55,13.70,315037,-0.123775,-1.30%,9.4205,,
33,08/20/07,14.00,14.00,13.28,13.88,289375,0.013756,0.14%,9.5443,,
34,08/17/07,13.80,14.08,13.25,13.86,256397,0.474461,5.24%,9.5305,,
35,08/16/07,11.63,13.31,11.63,13.17,227307,1.0452,13.05%,9.0561,,
36,08/15/07,11.48,12.03,11.48,11.65,107980,0.089393,1.13%,8.0109,,
37,08/14/07,11.88,12.00,11.49,11.52,165701,-0.226915,-2.78%,7.9215,,
38,08/13/07,12.41,12.71,11.63,11.85,528879,-0.28193,-3.34%,8.1484,,
39,08/10/07,12.32,12.64,12.10,12.26,429751,-0.185659,-2.15%,8.4303,,
40,08/09/07,12.10,12.75,11.77,12.53,278815,0.089394,1.05%,8.616,,
41,08/08/07,11.92,13.16,11.81,12.40,366482,0.385069,4.73%,8.5266,,
42,08/07/07,11.55,11.87,11.4599,11.84,283374,0.151279,1.89%,8.1415,,
43,08/06/07,10.96,11.712,10.70,11.62,267340,0.508847,6.80%,7.9902,,
44,08/03/07,11.30,11.30,10.82,10.88,220180,-0.316311,-4.06%,7.4814,,
45,08/02/07,11.24,11.56,11.05,11.34,142008,0.082515,1.07%,7.7977,,
46,08/01/07,11.15,11.39,10.99,11.22,362279,0.02063,0.27%,7.7152,,
47,07/31/07,11.42,11.54,11.13,11.19,136028,-0.075641,-0.97%,7.6946,,
48,07/30/07,11.23,11.42,11.18,11.30,248690,0.034384,0.44%,7.7702,,
49,07/27/07,11.56,11.60,11.14,11.25,303088,-0.034382,-0.44%,7.7358,,
50,07/26/07,11.74,11.86,11.31,11.44,194733,-0.35998,-4.43%,7.7702,,
51,07/25/07,11.76,12.05,11.69,11.97,204708,0.135841,1.70%,8.1302,,
52,07/24/07,12.20,12.23,11.71,11.77,154251,-0.407526,-4.85%,7.9943,,
53,07/23/07,12.62,12.71,12.35,12.37,165664,-0.135842,-1.59%,8.4019,,
54,07/20/07,12.84,12.88,12.29,12.57,173190,-0.203766,-2.33%,8.5377,,
55,07/19/07,12.71,12.94,12.62,12.87,162655,0.156221,1.82%,8.7415,,
56,07/18/07,12.75,12.83,12.43,12.64,114319,-0.095091,-1.10%,8.5853,,
57,07/17/07,12.84,12.98,12.78,12.78,107380,-0.040756,-0.47%,8.6803,,
58,07/16/07,13.04,13.07,12.79,12.84,132488,-0.176593,-1.98%,8.7211,,
59,07/13/07,13.18,13.23,13.07,13.10,113983,-0.095091,-1.06%,8.8977,,
60,07/12/07,12.90,13.24,12.85,13.24,204616,0.156219,1.77%,8.9928,,
61,07/11/07,13.00,13.15,12.94,13.01,108696,-0.013586,-0.15%,8.8366,,
62,07/10/07,13.01,13.06,12.87,13.03,203311,-0.074712,-0.84%,8.8502,,
63,07/09/07,13.03,13.16,12.93,13.14,155970,0.074712,0.84%,8.9249,,
64,07/06/07,13.05,13.10,13.00,13.03,80055,-0.033958,-0.38%,8.8502,,
65,07/05/07,13.12,13.17,13.00,13.08,80545,-0.033961,-0.38%,8.8841,,
66,07/04/07,,,,13.13,0,,0.00%,8.9181,,
67,07/03/07,13.17,13.24,13.06,13.13,89580,-0.03396,-0.38%,8.9181,,
68,07/02/07,13.28,13.32,13.09,13.18,116327,-0.006794,-0.08%,8.952,,
69,06/29/07,13.46,13.48,13.17,13.19,112195,-0.169802,-1.86%,8.9588,,
70,06/28/07,13.55,13.59,13.29,13.44,127191,-0.054338,-0.59%,9.1286,,
71,06/27/07,13.18,13.55,13.17,13.52,149152,0.15622,1.73%,9.183,,
72,06/26/07,13.33,13.37,12.97,13.29,181133,0.006794,0.08%,9.0267,,
73,06/25/07,13.08,13.39,13.02,13.28,237098,0.163008,1.84%,9.02,,
74,06/22/07,13.13,13.31,13.04,13.04,362875,-0.095088,-1.06%,8.8569,,
75,06/21/07,13.24,13.3101,13.02,13.18,139220,-0.088301,-0.98%,8.952,,
76,06/20/07,13.74,13.74,13.30,13.31,112002,-0.292058,-3.13%,9.0403,,
77,06/19/07,13.57,13.84,13.50,13.74,183970,0.04075,0.44%,9.3324,,
78,06/18/07,13.63,13.79,13.45,13.68,87182,0.027172,0.29%,9.2916,,
79,06/15/07,13.53,13.65,13.44,13.64,208421,0.217346,2.40%,9.2645,,
80,06/14/07,13.43,13.44,13.22,13.32,108020,-0.03396,-0.37%,9.0471,,
81,06/13/07,13.17,13.41,13.1599,13.37,84728,0.142631,1.60%,9.0811,,
82,06/12/07,13.18,13.25,13.13,13.16,109765,-0.0815,-0.90%,8.9385,,
83,06/11/07,13.30,13.37,13.11,13.28,107756,-0.061131,-0.67%,9.02,,
84,06/08/07,13.18,13.43,13.18,13.37,116212,0.09509,1.06%,9.0811,,
85,06/07/07,13.23,13.30,13.12,13.23,109734,-0.05434,-0.60%,8.986,,
86,06/06/07,13.24,13.35,13.21,13.31,132098,-0.020376,-0.22%,9.0403,,
87,06/05/07,13.41,13.49,13.29,13.34,121629,-0.101881,-1.11%,9.0607,,
88,06/04/07,13.56,13.56,13.37,13.49,65060,-0.088296,-0.95%,9.1626,,
89,06/01/07,13.59,13.65,13.45,13.62,51233,0.081506,0.89%,9.2509,,
90,05/31/07,13.51,13.51,13.33,13.50,133203,-0.020378,-0.22%,9.1694,,
91,05/30/07,13.43,13.56,13.28,13.53,99479,-0.020375,-0.22%,9.1898,,
92,05/29/07,13.39,13.56,13.33,13.56,134542,0.06792,0.74%,9.2101,,
93,05/28/07,,,,13.46,0,,0.00%,9.1422,,
94,05/25/07,13.40,13.47,13.33,13.46,142816,0.054337,0.60%,9.1422,,
95,05/24/07,13.34,13.60,13.34,13.38,128413,-0.027166,-0.30%,9.0879,,
96,05/23/07,13.63,13.67,13.38,13.42,66436,-0.156223,-1.69%,9.115,,
97,05/22/07,13.36,13.69,13.36,13.65,91784,0.169804,1.87%,9.2713,,
98,05/21/07,13.19,13.53,13.19,13.40,116357,0.0883,0.98%,9.1015,,
99,05/18/07,13.27,13.36,13.16,13.27,65243,0.006792,0.08%,9.0132,,
100,05/17/07,13.30,13.40,13.14,13.26,127874,-0.067921,-0.75%,9.0064,,
101,05/16/07,13.12,13.37,13.12,13.36,81513,0.163013,1.83%,9.0743,,
102,05/15/07,13.31,13.36,13.07,13.12,86201,-0.101884,-1.13%,8.9113,,
103,05/14/07,13.41,13.88,13.24,13.27,96788,-0.122261,-1.34%,9.0132,,
104,05/11/07,13.21,13.47,13.20,13.45,61999,0.163013,1.82%,9.1354,,
105,05/10/07,13.49,13.52,13.18,13.21,151190,-0.264893,-2.87%,8.9724,,
106,05/09/07,13.48,13.61,13.44,13.60,89934,0.013585,0.15%,9.2373,,
107,05/08/07,13.65,13.58,13.32,13.58,92039,0.027166,0.30%,9.2237,,
108,05/07/07,13.65,13.68,13.47,13.54,56702,-0.101881,-1.10%,9.1966,,
109,05/04/07,13.69,13.71,13.58,13.69,132481,0.013585,0.15%,9.2984,,
110,05/03/07,13.84,13.85,13.63,13.67,114186,-0.122262,-1.30%,9.2848,,
111,05/02/07,13.72,14.00,13.68,13.85,191319,0.074718,0.80%,9.4071,,
112,05/01/07,13.29,13.78,13.29,13.74,116670,0.292058,3.23%,9.3324,,
113,04/30/07,13.65,13.75,13.28,13.31,182170,-0.237724,-2.56%,9.0403,,
114,04/27/07,13.41,13.67,13.38,13.66,170674,0.12226,1.34%,9.2781,,
115,04/26/07,13.37,13.55,13.17,13.48,231185,0.095091,1.05%,9.1558,,
116,04/25/07,13.29,13.69,13.07,13.48,393648,0.403295,4.66%,9.0607,,
117,04/24/07,12.89,13.01,12.78,12.88,60324,-0.047051,-0.54%,8.6574,,
118,04/23/07,13.29,13.29,12.89,12.95,64168,-0.262141,-2.92%,8.7045,,
119,04/20/07,13.16,13.35,13.07,13.34,72601,0.25542,2.93%,8.9666,,
120,04/19/07,13.09,13.18,12.92,12.96,65333,-0.161315,-1.82%,8.7112,,
121,04/18/07,13.12,13.35,12.92,13.20,108742,0.00,0.00%,8.8725,,
122,04/17/07,13.29,13.36,13.08,13.20,49010,-0.073942,-0.83%,8.8725,,
123,04/16/07,12.94,13.35,12.94,13.31,100300,0.262142,3.02%,8.9464,,
124,04/13/07,12.64,12.93,12.61,12.92,55977,0.16804,1.97%,8.6843,,
125,04/12/07,12.64,12.72,12.52,12.67,73597,-0.026884,-0.31%,8.5163,,
126,04/11/07,12.94,12.94,12.61,12.71,114252,-0.134433,-1.55%,8.5431,,
127,04/10/07,12.91,12.97,12.89,12.91,59188,-0.013441,-0.15%,8.6776,,
128,04/09/07,13.12,13.12,12.74,12.93,146172,-0.141158,-1.60%,8.691,,
129,04/06/07,,,,13.14,0,,0.00%,8.8322,,
130,04/05/07,13.03,13.25,13.03,13.14,77871,0.05378,0.61%,8.8322,,
131,04/04/07,13.56,13.56,13.04,13.06,108366,-0.356248,-3.90%,8.7784,,
132,04/03/07,13.41,13.60,13.36,13.59,161362,0.134435,1.49%,9.1346,,
133,04/02/07,13.23,13.41,13.17,13.39,68150,0.107542,1.21%,9.0002,,
134,03/30/07,13.37,13.37,13.11,13.23,118590,-0.100821,-1.12%,8.8927,,
135,03/29/07,13.09,13.46,13.09,13.38,84126,0.235254,2.69%,8.9935,,
136,03/28/07,13.24,13.31,12.84,13.03,279983,-0.194927,-2.18%,8.7582,,
137,03/27/07,13.49,13.55,13.29,13.32,79229,-0.161319,-1.77%,8.9532,,
138,03/26/07,13.62,13.72,13.49,13.56,53487,-0.067216,-0.73%,9.1145,,
139,03/23/07,13.58,13.70,13.58,13.66,33275,0.033607,0.37%,9.1817,,
140,03/22/07,13.71,13.74,13.56,13.61,63558,-0.040329,-0.44%,9.1481,,
141,03/21/07,13.42,13.86,13.31,13.67,118001,0.161319,1.79%,9.1884,,
142,03/20/07,13.26,13.50,13.11,13.43,275961,0.134432,1.51%,9.0271,,
143,03/19/07,13.16,13.42,13.11,13.23,253320,0.073936,0.84%,8.8927,,
144,03/16/07,13.09,13.19,12.92,13.12,298156,0.013445,0.15%,8.8187,,
145,03/15/07,12.84,13.30,12.84,13.10,232104,0.141151,1.63%,8.8053,,
146,03/14/07,12.71,12.94,12.50,12.89,220378,0.168043,1.98%,8.6641,,
147,03/13/07,12.95,13.04,12.50,12.64,266075,-0.268865,-3.07%,8.4961,,
148,03/12/07,12.89,13.05,12.83,13.04,103621,0.067216,0.77%,8.765,,
149,03/09/07,12.89,12.98,12.78,12.94,120062,0.080658,0.94%,8.6977,,
150,03/08/07,12.93,13.08,12.75,12.82,156309,0.006721,0.08%,8.6171,,
1,03/07/07,12.79,12.84,12.41,12.81,301277,0.013447,0.16%,8.6104,,
2,03/06/07,12.34,12.81,12.21,12.79,207835,0.38313,4.66%,8.5969,,
3,03/05/07,12.45,12.63,12.22,12.22,153765,-0.215097,-2.55%,8.2138,,
4,03/02/07,12.72,12.89,12.54,12.54,112546,-0.147874,-1.72%,8.4289,,
5,03/01/07,12.45,12.85,12.40,12.76,154216,0.127714,1.51%,8.5768,,
6,02/28/07,12.52,12.78,12.48,12.57,159483,0.060495,0.72%,8.449,,
7,02/27/07,12.55,12.66,12.37,12.48,210832,-0.12099,-1.42%,8.3885,,
8,02/26/07,12.82,12.83,12.55,12.66,173827,-0.060493,-0.71%,8.5095,,
9,02/23/07,12.89,12.97,12.70,12.75,100852,-0.134434,-1.54%,8.57,,
10,02/22/07,13.07,13.11,12.81,12.95,70041,-0.094098,-1.07%,8.7045,,
11,02/21/07,13.01,13.13,13.01,13.09,52545,0.00672,0.08%,8.7986,,
12,02/20/07,13.11,13.26,12.93,13.08,158246,-0.040334,-0.46%,8.7918,,
13,02/19/07,,,,13.14,0,,0.00%,8.8322,,
14,02/16/07,13.14,13.19,12.98,13.14,73378,0.02689,0.31%,8.8322,,
15,02/15/07,13.25,13.25,13.08,13.10,91799,-0.060495,-0.68%,8.8053,,
16,02/14/07,13.33,13.33,13.14,13.19,261615,-0.100824,-1.12%,8.8658,,
17,02/13/07,13.22,13.39,13.18,13.34,52357,0.073938,0.83%,8.9666,,
18,02/12/07,13.27,13.29,13.08,13.23,103340,0.053769,0.61%,8.8927,,
19,02/09/07,13.22,13.40,12.99,13.15,75935,-0.060492,-0.68%,8.8389,,
20,02/08/07,13.22,13.45,13.22,13.24,53495,-0.020164,-0.23%,8.8994,,
21,02/07/07,13.35,13.42,13.21,13.27,79835,-0.05377,-0.60%,8.9196,,
22,02/06/07,13.26,13.36,13.13,13.35,92318,0.067215,0.75%,8.9733,,
23,02/05/07,13.33,13.42,13.17,13.25,87868,-0.087379,-0.97%,8.9061,,
24,02/02/07,13.37,13.46,13.26,13.38,62787,0.00,0.00%,8.9935,,
25,02/01/07,13.50,13.54,13.27,13.38,86538,-0.033611,-0.37%,8.9935,,
26,01/31/07,13.24,13.47,13.04,13.43,177058,0.094101,1.05%,9.0271,,
27,01/30/07,13.34,13.42,13.20,13.29,187453,-0.047049,-0.52%,8.933,,
28,01/29/07,13.39,13.45,13.17,13.36,104131,0.013444,0.15%,8.98,,
29,01/26/07,13.28,13.48,13.10,13.48,109409,0.026607,0.30%,8.9666,,
30,01/25/07,13.59,13.59,13.31,13.44,85812,-0.106428,-1.18%,8.94,,
31,01/24/07,13.44,13.65,13.44,13.60,74550,0.079821,0.89%,9.0464,,
32,01/23/07,13.52,13.61,13.47,13.48,148723,-0.05321,-0.59%,8.9666,,
33,01/22/07,13.61,13.61,13.43,13.56,67148,-0.059873,-0.66%,9.0198,,
34,01/19/07,13.60,13.83,13.45,13.65,95204,0.00,0.00%,9.0797,,
35,01/18/07,13.60,13.73,13.50,13.65,98572,0.006655,0.07%,9.0797,,
36,01/17/07,13.82,13.88,13.61,13.64,59470,-0.159641,-1.73%,9.073,,
37,01/16/07,14.00,14.00,13.73,13.88,74794,-0.039916,-0.43%,9.2327,,
38,01/15/07,,,,13.94,0,,0.00%,9.2726,,
39,01/12/07,13.88,13.99,13.79,13.94,36621,0.033262,0.36%,9.2726,,
40,01/11/07,13.83,13.97,13.76,13.89,39698,0.06652,0.73%,9.2393,,
41,01/10/07,13.65,13.86,13.62,13.79,71055,0.026606,0.29%,9.1728,,
42,01/09/07,13.83,13.86,13.67,13.75,80292,-0.033258,-0.36%,9.1462,,
43,01/08/07,13.85,13.95,13.70,13.80,97132,-0.039912,-0.43%,9.1795,,
44,01/05/07,14.05,14.05,13.83,13.86,106030,-0.186251,-1.98%,9.2194,,
45,01/04/07,14.15,14.22,13.95,14.14,112589,0.00,0.00%,9.4056,,
46,01/03/07,14.08,14.2909,13.94,14.14,109837,0.086471,0.93%,9.4056,,
47,01/02/07,,,,14.01,0,,0.00%,9.3191,,
48,01/01/07,,,,14.01,0,,0.00%,9.3191,,
49,12/29/06,14.28,14.41,13.968,14.01,92365,-0.199549,-2.10%,9.3191,,
50,12/28/06,14.48,14.48,14.30,14.31,49047,-0.106432,-1.11%,9.5187,,
51,12/27/06,14.26,14.48,14.19,14.47,68052,0.159645,1.69%,9.6251,,
52,12/26/06,14.11,14.25,14.11,14.23,59382,0.053217,0.57%,9.4655,,
53,12/25/06,,,,14.15,0,,0.00%,9.4123,,
54,12/22/06,14.10,14.19,13.98,14.15,61742,0.006648,0.07%,9.4123,,
55,12/21/06,14.06,14.20,13.84,14.14,88537,0.079822,0.86%,9.4056,,
56,12/20/06,14.08,14.10,13.92,14.02,91762,-0.019957,-0.21%,9.3258,,
57,12/19/06,13.92,14.05,13.80,14.05,83427,0.05987,0.64%,9.3458,,
58,12/18/06,14.21,14.33,13.90,13.96,106679,-0.166296,-1.76%,9.2859,,
59,12/15/06,14.15,14.27,14.09,14.21,262993,0.00,0.00%,9.4522,,
60,12/14/06,14.16,14.35,14.13,14.21,69376,0.066518,0.71%,9.4522,,
61,12/13/06,14.16,14.18,13.94,14.11,159908,-0.013303,-0.14%,9.3857,,
62,12/12/06,13.98,14.21,13.98,14.13,79361,0.113081,1.22%,9.399,,
63,12/11/06,14.14,14.22,13.96,13.96,57367,-0.113081,-1.20%,9.2859,,
64,12/08/06,14.08,14.22,13.91,14.13,61868,0.026606,0.28%,9.399,,
65,12/07/06,14.30,14.346,14.09,14.09,50365,-0.139687,-1.47%,9.3724,,
66,12/06/06,14.29,14.34,14.17,14.30,37705,-0.033259,-0.35%,9.512,,
67,12/05/06,14.27,14.39,14.14,14.35,67532,0.046564,0.49%,9.5453,,
68,12/04/06,13.93,14.30,13.88,14.28,79042,0.219507,2.37%,9.4987,,
69,12/01/06,14.03,14.09,13.82,13.95,52665,-0.079823,-0.85%,9.2792,,
70,11/30/06,13.95,14.10,13.89,14.07,102540,0.086471,0.93%,9.3591,,
71,11/29/06,13.95,14.03,13.82,13.94,83341,0.019959,0.22%,9.2726,,
72,11/28/06,13.83,13.99,13.75,13.91,69488,0.053212,0.58%,9.2526,,
73,11/27/06,14.13,14.13,13.81,13.83,86135,-0.226157,-2.40%,9.1994,,
74,11/24/06,14.08,14.21,14.05,14.17,19042,0.013305,0.14%,9.4256,,
75,11/23/06,,,,14.15,0,,0.00%,9.4123,,
76,11/22/06,14.12,14.23,14.09,14.15,30649,0.019953,0.21%,9.4123,,
77,11/21/06,14.17,14.22,14.11,14.12,68493,-0.046561,-0.49%,9.3923,,
78,11/20/06,14.19,14.29,14.13,14.19,42054,-0.019958,-0.21%,9.4389,,
79,11/17/06,14.27,14.27,14.11,14.22,61217,-0.033257,-0.35%,9.4588,,
80,11/16/06,14.55,14.59,14.18,14.27,148319,-0.146339,-1.52%,9.4921,,
81,11/15/06,14.25,14.54,13.98,14.49,117224,0.133034,1.40%,9.6384,,
82,11/14/06,14.11,14.30,13.97,14.29,79706,0.119733,1.28%,9.5054,,
83,11/13/06,14.00,14.14,13.91,14.11,110748,0.073168,0.79%,9.3857,,
84,11/10/06,13.76,14.00,13.70,14.00,79089,0.159641,1.74%,9.3125,,
85,11/09/06,14.00,14.00,13.70,13.76,66368,-0.133031,-1.43%,9.1529,,
86,11/08/06,13.69,13.99,13.60,13.96,90056,0.146342,1.60%,9.2859,,
87,11/07/06,13.78,14.00,13.70,13.74,129530,-0.046566,-0.51%,9.1395,,
88,11/06/06,13.73,13.94,13.73,13.81,95089,0.073167,0.80%,9.1861,,
89,11/03/06,13.67,13.90,13.60,13.70,104236,0.026608,0.29%,9.1129,,
90,11/02/06,13.85,13.99,13.59,13.66,119778,-0.106427,-1.16%,9.0863,,
91,11/01/06,13.97,14.08,13.71,13.82,223663,-0.086474,-0.93%,9.1928,,
92,10/31/06,13.95,13.96,13.73,13.95,197322,-0.0133,-0.14%,9.2792,,
93,10/30/06,13.98,14.06,13.80,13.97,116232,0.013299,0.14%,9.2925,,
94,10/27/06,14.19,14.20,14.00,14.09,173452,-0.164642,-1.74%,9.2792,,
95,10/26/06,14.31,14.37,14.12,14.34,291727,-0.039514,-0.42%,9.4439,,
96,10/25/06,14.35,14.53,14.20,14.40,184634,0.00,0.00%,9.4834,,
97,10/24/06,14.25,14.49,14.19,14.40,132312,0.065855,0.70%,9.4834,,
98,10/23/06,14.23,14.39,14.22,14.30,97007,0.013169,0.14%,9.4175,,
99,10/20/06,14.39,14.50,14.28,14.28,82324,-0.125125,-1.31%,9.4044,,
100,10/19/06,14.41,14.54,14.35,14.47,124076,-0.01317,-0.14%,9.5295,,
101,10/18/06,14.72,14.93,14.39,14.49,188112,-0.125128,-1.29%,9.5427,,
102,10/17/06,14.67,14.71,14.57,14.68,144330,-0.026343,-0.27%,9.6678,,
103,10/16/06,14.83,15.36,14.69,14.72,48350,-0.052685,-0.54%,9.6941,,
104,10/13/06,14.72,14.85,14.70,14.80,60076,0.032926,0.34%,9.7468,,
105,10/12/06,14.56,14.79,14.46,14.75,86155,0.190985,2.01%,9.7139,,
106,10/11/06,14.57,14.57,14.30,14.46,51973,-0.092197,-0.96%,9.5229,,
107,10/10/06,14.55,14.64,14.52,14.60,80330,-0.013172,-0.14%,9.6151,,
108,10/09/06,14.52,14.63,14.42,14.62,101215,0.026343,0.27%,9.6283,,
109,10/06/06,14.52,14.65,14.46,14.58,148458,-0.019759,-0.21%,9.6019,,
110,10/05/06,14.55,14.68,14.4096,14.61,118961,0.006588,0.07%,9.6217,,
111,10/04/06,14.36,14.62,14.26,14.60,76185,0.105367,1.11%,9.6151,,
112,10/03/06,14.52,14.58,14.23,14.44,73628,-0.052683,-0.55%,9.5097,,
113,10/02/06,14.68,14.70,14.46,14.52,50536,-0.1383,-1.43%,9.5624,,
114,09/29/06,14.86,14.99,14.69,14.73,106824,-0.105373,-1.07%,9.7007,,
115,09/28/06,14.85,14.96,14.73,14.89,76323,0.006589,0.07%,9.8061,,
116,09/27/06,14.67,14.93,14.67,14.88,75297,0.098784,1.02%,9.7995,,
117,09/26/06,14.81,14.89,14.61,14.73,110166,-0.032928,-0.34%,9.7007,,
118,09/25/06,14.45,14.84,14.34,14.78,132829,0.223911,2.35%,9.7336,,
119,09/22/06,14.68,14.73,14.33,14.44,107176,-0.197567,-2.04%,9.5097,,
120,09/21/06,14.89,14.90,14.59,14.74,111329,-0.052686,-0.54%,9.7073,,
121,09/20/06,14.45,14.87,14.40,14.82,144567,0.276599,2.92%,9.76,,
122,09/19/06,14.45,14.45,14.03,14.40,85557,0.00,0.00%,9.4834,,
123,09/18/06,14.53,14.59,14.26,14.40,113555,-0.118542,-1.23%,9.4834,,
124,09/15/06,14.67,14.75,14.49,14.58,248534,0.013168,0.14%,9.6019,,
125,09/14/06,14.75,14.75,14.46,14.56,426774,-0.13171,-1.35%,9.5888,,
126,09/13/06,14.69,14.78,14.5228,14.76,120830,0.046098,0.48%,9.7205,,
127,09/12/06,14.39,14.69,14.31,14.69,65517,0.2305,2.44%,9.6744,,
128,09/11/06,14.03,14.34,14.03,14.34,40175,0.144885,1.56%,9.4439,,
129,09/08/06,14.29,14.29,14.05,14.12,38265,-0.065857,-0.70%,9.299,,
130,09/07/06,14.22,14.35,14.11,14.22,89125,-0.013171,-0.14%,9.3648,,
131,09/06/06,14.28,14.30,14.11,14.24,63670,-0.092201,-0.97%,9.378,,
132,09/05/06,14.35,14.51,14.24,14.38,48326,0.0461,0.49%,9.4702,,
133,09/04/06,,,,14.31,0,,0.00%,9.4241,,
134,09/01/06,14.32,14.47,14.23,14.31,33077,0.013173,0.14%,9.4241,,
135,08/31/06,14.47,14.61,14.27,14.29,69395,-0.085616,-0.90%,9.4109,,
136,08/30/06,14.39,14.49,14.14,14.42,79484,0.046096,0.49%,9.4966,,
137,08/29/06,14.21,14.42,13.98,14.35,147311,0.085619,0.91%,9.4505,,
138,08/28/06,14.05,14.27,13.97,14.22,75783,0.125129,1.35%,9.3648,,
139,08/25/06,14.04,14.13,13.89,14.03,70037,-0.032929,-0.36%,9.2397,,
140,08/24/06,14.02,14.11,13.94,14.08,70234,0.052686,0.57%,9.2726,,
141,08/23/06,14.37,14.39,13.87,14.00,68585,-0.204158,-2.17%,9.22,,
142,08/22/06,14.21,14.38,14.16,14.31,49310,0.079029,0.85%,9.4241,,
143,08/21/06,14.40,14.40,14.07,14.19,43477,-0.19757,-2.07%,9.3451,,
144,08/18/06,14.45,14.52,14.22,14.49,74765,0.046098,0.49%,9.5427,,
145,08/17/06,14.18,14.42,14.08,14.42,64643,0.111957,1.19%,9.4966,,
146,08/16/06,14.48,14.48,14.22,14.25,85148,-0.006587,-0.07%,9.3846,,
147,08/15/06,14.22,14.29,14.12,14.26,54582,0.144886,1.57%,9.3912,,
148,08/14/06,14.08,14.24,13.85,14.04,49413,0.006588,0.07%,9.2463,,
149,08/11/06,13.85,14.21,13.83,14.03,109880,0.131712,1.45%,9.2397,,
150,08/10/06,13.85,13.89,13.57,13.83,62729,0.026342,0.29%,9.108,,
1,08/09/06,13.98,14.10,13.75,13.79,61850,-0.052679,-0.58%,9.0817,,
2,08/08/06,14.04,14.37,13.85,13.87,90685,-0.065861,-0.72%,9.1343,,
3,08/07/06,14.01,14.11,13.93,13.97,46850,-0.072443,-0.78%,9.2002,,
4,08/04/06,14.37,14.51,13.988,14.08,142545,-0.098787,-1.05%,9.2726,,
5,08/03/06,13.93,14.32,13.91,14.23,78241,0.118543,1.28%,9.3714,,
6,08/02/06,14.07,14.12,13.93,14.05,72289,0.092196,1.01%,9.2529,,
7,08/01/06,13.88,14.12,13.798,14.05,108829,0.052161,0.57%,9.1607,,
8,07/31/06,13.99,14.06,13.76,13.97,144542,-0.045642,-0.50%,9.1085,,
9,07/28/06,13.61,14.10,13.59,14.04,120707,0.339044,3.85%,9.1542,,
10,07/27/06,13.88,14.01,13.50,13.52,108103,-0.208642,-2.31%,8.8151,,
11,07/26/06,13.90,13.99,13.60,13.84,89101,-0.08476,-0.93%,9.0238,,
12,07/25/06,14.07,14.48,13.72,13.97,155658,-0.01304,-0.14%,9.1085,,
13,07/24/06,13.83,14.01,13.81,13.99,58831,0.1304,1.45%,9.1216,,
14,07/21/06,13.89,13.92,13.58,13.79,106924,-0.104321,-1.15%,8.9912,,
15,07/20/06,14.22,14.36,13.92,13.95,136746,-0.136922,-1.48%,9.0955,,
16,07/19/06,13.72,14.16,13.68,14.16,201157,0.306446,3.43%,9.2324,,
17,07/18/06,13.54,13.74,13.40,13.69,105916,0.143439,1.63%,8.926,,
18,07/17/06,13.37,13.531,13.35,13.47,36995,0.052162,0.60%,8.7825,,
19,07/14/06,13.45,13.51,13.33,13.39,95102,-0.071719,-0.81%,8.7304,,
20,07/13/06,13.51,13.68,13.41,13.50,106311,-0.039121,-0.44%,8.8021,,
21,07/12/06,13.95,13.98,13.55,13.56,45648,-0.260803,-2.87%,8.8412,,
22,07/11/06,13.79,13.98,13.56,13.96,125829,0.071718,0.79%,9.102,,
23,07/10/06,13.62,13.92,13.62,13.85,78893,0.149961,1.69%,9.0303,,
24,07/07/06,13.87,13.94,13.57,13.62,71923,-0.202121,-2.23%,8.8803,,
25,07/06/06,13.68,13.96,13.59,13.93,97124,0.195599,2.20%,9.0825,,
26,07/05/06,13.51,13.68,13.38,13.63,153143,0.019563,0.22%,8.8869,,
27,07/04/06,,,,13.60,0,,0.00%,8.8673,,
28,07/03/06,13.49,13.65,13.42,13.60,69200,0.019562,0.22%,8.8673,,
29,06/30/06,13.93,13.98,13.40,13.57,1353700,-0.215163,-2.37%,8.8477,,
30,06/29/06,13.69,13.98,13.55,13.90,273375,0.163,1.83%,9.0629,,
31,06/28/06,13.50,13.79,13.49,13.65,57767,0.052163,0.59%,8.8999,,
32,06/27/06,13.88,13.94,13.52,13.57,81391,-0.176043,-1.95%,8.8477,,
33,06/26/06,13.52,13.86,13.49,13.84,510973,0.228204,2.59%,9.0238,,
34,06/23/06,13.62,13.66,13.37,13.49,98943,-0.123883,-1.39%,8.7956,,
35,06/22/06,13.72,13.82,13.58,13.68,101631,-0.071721,-0.80%,8.9195,,
36,06/21/06,13.64,13.89,13.64,13.79,118207,0.071721,0.80%,8.9912,,
37,06/20/06,13.75,13.87,13.63,13.68,187751,-0.058681,-0.65%,8.9195,,
38,06/19/06,13.98,14.05,13.76,13.77,98203,-0.182561,-1.99%,8.9781,,
39,06/16/06,14.29,14.34,14.01,14.05,416898,-0.195602,-2.09%,9.1607,,
40,06/15/06,14.15,14.45,13.998,14.35,82575,0.202121,2.21%,9.3563,,
41,06/14/06,13.94,14.10,13.92,14.04,115819,-0.065201,-0.71%,9.1542,,
42,06/13/06,14.02,14.42,14.00,14.14,104736,0.039123,0.43%,9.2194,,
43,06/12/06,14.00,14.23,13.96,14.08,105709,-0.14996,-1.61%,9.1803,,
44,06/09/06,14.48,14.59,14.18,14.31,93850,-0.110845,-1.17%,9.3302,,
45,06/08/06,14.11,14.50,14.00,14.48,145639,0.117363,1.26%,9.4411,,
46,06/07/06,14.12,14.39,13.98,14.30,97033,0.097799,1.06%,9.3237,,
47,06/06/06,13.99,14.24,13.86,14.15,152621,0.091283,1.00%,9.2259,,
48,06/05/06,14.39,14.42,13.99,14.01,120921,-0.299925,-3.18%,9.1346,,
49,06/02/06,14.48,14.50,14.35,14.47,96484,0.058681,0.63%,9.4345,,
50,06/01/06,14.31,14.49,14.00,14.38,153865,0.156481,1.70%,9.3759,,
51,05/31/06,13.97,14.22,13.90,14.14,155638,0.117364,1.29%,9.2194,,
52,05/30/06,14.29,14.45,13.96,13.96,79647,-0.267323,-2.85%,9.102,,
53,05/29/06,,,,14.37,0,,0.00%,9.3693,,
54,05/26/06,14.63,14.64,14.30,14.37,86769,-0.084762,-0.90%,9.3693,,
55,05/25/06,14.54,14.61,14.38,14.50,95002,0.058678,0.62%,9.4541,,
56,05/24/06,14.13,14.45,14.06,14.41,115217,0.104324,1.12%,9.3954,,
57,05/23/06,14.36,14.43,14.17,14.25,123887,-0.006521,-0.07%,9.2911,,
58,05/22/06,13.98,14.43,13.98,14.26,187617,0.110841,1.21%,9.2976,,
59,05/19/06,13.88,14.27,13.88,14.09,118818,0.123882,1.37%,9.1868,,
60,05/18/06,13.89,14.09,13.88,13.90,269966,0.02608,0.29%,9.0629,,
61,05/17/06,13.73,13.98,13.71,13.86,114989,-0.013038,-0.14%,9.0368,,
62,05/16/06,13.94,13.98,13.85,13.88,165612,0.006518,0.07%,9.0499,,
63,05/15/06,13.80,13.97,13.73,13.87,105535,-0.013041,-0.14%,9.0433,,
64,05/12/06,14.00,14.02,13.76,13.89,121106,-0.123879,-1.35%,9.0564,,
65,05/11/06,14.18,14.18,14.01,14.08,143000,-0.09128,-0.98%,9.1803,,
66,05/10/06,14.22,14.24,14.10,14.22,59700,0.039117,0.42%,9.2715,,
67,05/09/06,14.26,14.29,13.96,14.16,66400,-0.104319,-1.12%,9.2324,,
68,05/08/06,14.25,14.41,14.25,14.32,62600,0.006522,0.07%,9.3367,,
69,05/05/06,14.32,14.39,14.19,14.31,149900,0.078235,0.85%,9.3302,,
70,05/04/06,13.96,14.19,13.96,14.19,82200,0.130405,1.43%,9.252,,
71,05/03/06,13.97,14.10,13.96,13.99,84648,-0.019559,-0.21%,9.1216,,
72,05/02/06,14.00,14.13,14.00,14.02,271156,-0.097802,-1.06%,9.1411,,
73,05/01/06,14.20,14.50,14.10,14.17,166700,0.00,0.00%,9.2389,,
74,04/28/06,13.96,14.19,13.96,14.17,198343,0.110842,1.21%,9.2389,,
75,04/27/06,14.25,14.25,13.96,14.00,154175,-0.163003,-1.75%,9.1281,,
76,04/26/06,14.18,14.52,14.11,14.39,187888,0.103306,1.12%,9.2911,,
77,04/25/06,14.09,14.23,13.95,14.23,143086,0.045197,0.49%,9.1878,,
78,04/24/06,14.30,14.30,14.11,14.16,43897,-0.090393,-0.98%,9.1426,,
79,04/21/06,14.57,14.60,14.20,14.30,99747,-0.071023,-0.76%,9.233,,
80,04/20/06,14.48,14.59,14.28,14.41,103688,-0.10976,-1.17%,9.304,,
81,04/19/06,14.25,14.61,14.15,14.58,206651,0.219521,2.39%,9.4138,,
82,04/18/06,13.91,14.25,13.91,14.24,126419,0.232441,2.59%,9.1942,,
83,04/17/06,13.82,13.94,13.76,13.88,74463,0.025828,0.29%,8.9618,,
84,04/14/06,,,,13.84,0,,0.00%,8.936,,
85,04/13/06,13.60,13.85,13.50,13.84,94826,0.142042,1.62%,8.936,,
86,04/12/06,13.70,13.70,13.56,13.62,119170,-0.058111,-0.66%,8.7939,,
87,04/11/06,13.83,13.83,13.56,13.71,79050,-0.071016,-0.80%,8.852,,
88,04/10/06,13.64,13.88,13.60,13.82,88145,0.096847,1.10%,8.9231,,
89,04/07/06,13.90,13.97,13.67,13.67,87039,-0.13559,-1.51%,8.8262,,
90,04/06/06,14.13,14.14,13.82,13.88,66987,-0.142048,-1.56%,8.9618,,
91,04/05/06,13.98,14.16,13.82,14.10,199041,0.077479,0.86%,9.1039,,
92,04/04/06,14.10,14.17,13.81,13.98,102736,-0.032281,-0.36%,9.0264,,
93,04/03/06,14.54,14.70,14.01,14.03,162907,-0.219524,-2.37%,9.0587,,
94,03/31/06,14.30,14.41,14.16,14.37,84822,0.096846,1.05%,9.2782,,
95,03/30/06,14.26,14.53,14.10,14.22,261675,-0.045192,-0.49%,9.1813,,
96,03/29/06,14.44,14.52,14.20,14.29,170377,-0.051654,-0.56%,9.2265,,
97,03/28/06,14.48,14.55,14.30,14.37,80189,-0.109767,-1.17%,9.2782,,
98,03/27/06,14.55,14.73,14.46,14.54,64248,-0.032282,-0.34%,9.388,,
99,03/24/06,14.45,14.62,14.32,14.59,79083,0.051655,0.55%,9.4202,,
100,03/23/06,14.64,14.64,14.45,14.51,70892,-0.109765,-1.16%,9.3686,,
101,03/22/06,14.32,14.68,14.27,14.68,59259,0.206618,2.23%,9.4783,,
102,03/21/06,14.63,14.75,14.29,14.36,273990,-0.161421,-1.71%,9.2717,,
103,03/20/06,14.18,14.64,14.15,14.61,192513,0.251808,2.74%,9.4331,,
104,03/17/06,14.55,14.55,14.19,14.22,166933,-0.167871,-1.80%,9.1813,,
105,03/16/06,14.52,14.58,14.40,14.48,79406,0.006457,0.07%,9.3492,,
106,03/15/06,14.41,14.47,14.21,14.47,78236,0.071027,0.77%,9.3428,,
107,03/14/06,14.19,14.45,14.13,14.36,105161,0.083932,0.91%,9.2717,,
108,03/13/06,14.21,14.30,13.89,14.23,158471,0.277637,3.12%,9.1878,,
109,03/10/06,13.67,13.89,13.67,13.80,61488,0.116216,1.32%,8.9102,,
110,03/09/06,13.51,14.02,13.51,13.62,158943,0.038741,0.44%,8.7939,,
111,03/08/06,13.48,13.85,13.45,13.56,154296,0.006459,0.07%,8.7552,,
112,03/07/06,13.77,13.95,13.53,13.55,124798,0.045194,0.52%,8.7487,,
113,03/06/06,13.50,13.55,13.43,13.48,122650,0.012916,0.15%,8.7035,,
114,03/03/06,13.50,13.66,13.42,13.46,106861,-0.090392,-1.03%,8.6906,,
115,03/02/06,13.88,14.09,13.51,13.60,149426,-0.193704,-2.16%,8.781,,
116,03/01/06,13.71,13.98,13.67,13.90,111353,0.14205,1.61%,8.9747,,
117,02/28/06,13.92,13.98,13.65,13.68,136567,-0.206618,-2.29%,8.8327,,
118,02/27/06,14.00,14.23,13.98,14.00,86458,-0.006453,-0.07%,9.0393,,
119,02/24/06,14.09,14.09,13.88,14.01,182800,-0.006455,-0.07%,9.0457,,
120,02/23/06,14.10,14.21,13.95,14.02,86922,-0.109764,-1.20%,9.0522,,
121,02/22/06,13.98,14.35,13.98,14.19,190100,0.135587,1.50%,9.162,,
122,02/21/06,14.27,14.32,13.89,13.98,209361,-0.213066,-2.31%,9.0264,,
123,02/20/06,,,,14.31,0,,0.00%,9.2394,,
124,02/17/06,14.54,14.54,14.28,14.31,138282,-0.116222,-1.24%,9.2394,,
125,02/16/06,14.88,14.92,14.49,14.49,265022,-0.161414,-1.70%,9.3557,,
126,02/15/06,14.81,15.03,14.55,14.74,173880,-0.006456,-0.07%,9.5171,,
127,02/14/06,14.31,14.75,14.19,14.75,113132,0.342199,3.73%,9.5235,,
128,02/13/06,14.36,14.52,14.19,14.22,74799,-0.174329,-1.86%,9.1813,,
129,02/10/06,14.50,14.73,14.29,14.49,94433,-0.032284,-0.34%,9.3557,,
130,02/09/06,14.82,14.82,14.52,14.54,63505,-0.116216,-1.22%,9.388,,
131,02/08/06,14.54,14.80,14.54,14.72,39367,0.096851,1.03%,9.5042,,
132,02/07/06,14.67,14.85,14.56,14.57,51470,-0.12268,-1.29%,9.4073,,
133,02/06/06,14.67,14.78,14.47,14.76,71353,0.012915,0.14%,9.53,,
134,02/03/06,14.71,14.94,14.70,14.74,172941,0.01937,0.20%,9.5171,,
135,02/02/06,14.91,14.96,14.69,14.71,99968,-0.154959,-1.61%,9.4977,,
136,02/01/06,14.68,14.98,14.65,14.95,84514,0.103306,1.08%,9.6527,,
137,01/31/06,14.71,14.84,14.44,14.79,240320,0.00,0.00%,9.5494,,
138,01/30/06,14.73,15.06,14.70,14.79,286164,-0.387396,-3.90%,9.5494,,
139,01/27/06,15.63,15.63,15.12,15.39,57209,-0.10331,-1.03%,9.9368,,
140,01/26/06,15.55,15.61,15.44,15.55,124300,0.012913,0.13%,10.0401,,
141,01/25/06,15.43,15.56,15.39,15.53,92700,0.058111,0.58%,10.0272,,
142,01/24/06,15.17,15.50,15.17,15.44,39500,0.161417,1.65%,9.969,,
143,01/23/06,15.20,15.32,15.08,15.19,52500,-0.025827,-0.26%,9.8076,,
144,01/20/06,15.43,15.43,15.15,15.23,54100,-0.064567,-0.65%,9.8335,,
145,01/19/06,15.27,15.41,15.13,15.33,43800,0.064567,0.66%,9.898,,
146,01/18/06,15.07,15.24,15.07,15.23,48100,0.038738,0.40%,9.8335,,
147,01/17/06,15.09,15.20,15.05,15.17,68200,-0.025824,-0.26%,9.7947,,
148,01/16/06,,,,15.21,0,,0.00%,9.8205,,
149,01/13/06,15.28,15.41,15.19,15.21,159300,-0.045196,-0.46%,9.8205,,
150,01/12/06,15.455,15.455,15.28,15.28,176000,-0.122676,-1.23%,9.8657,,
1,01/11/06,15.47,15.55,15.36,15.47,153600,-0.045198,-0.45%,9.9884,,
2,01/10/06,15.34,15.54,15.31,15.54,138500,0.077482,0.78%,10.0336,,
3,01/09/06,15.325,15.47,15.27,15.42,78400,0.090392,0.92%,9.9561,,
4,01/06/06,15.27,15.35,15.08,15.28,124800,0.038735,0.39%,9.8657,,
5,01/05/06,15.10,15.33,15.10,15.22,67500,0.058113,0.59%,9.827,,
6,01/04/06,14.89,15.13,14.76,15.13,101000,0.103306,1.07%,9.7689,,
7,01/03/06,14.53,14.98,14.31,14.97,163100,0.232438,2.46%,9.6656,,
8,01/02/06,,,,14.61,0,,0.00%,9.4331,,
9,12/30/05,14.65,14.73,14.50,14.61,86500,-0.161415,-1.68%,9.4331,,
10,12/29/05,14.89,14.99,14.66,14.86,93200,-0.045195,-0.47%,9.5946,,
11,12/28/05,15.06,15.06,14.74,14.93,47100,-0.012914,-0.13%,9.6398,,
12,12/27/05,14.88,15.08,14.74,14.95,109900,0.019367,0.20%,9.6527,,
13,12/26/05,,,,14.92,0,,0.00%,9.6333,,
14,12/23/05,14.81,15.02,14.50,14.92,76900,0.032287,0.34%,9.6333,,
15,12/22/05,14.77,15.08,14.77,14.87,93700,0.038739,0.41%,9.601,,
16,12/21/05,14.82,15.00,14.76,14.81,50600,0.045196,0.47%,9.5623,,
17,12/20/05,14.73,14.85,14.55,14.74,90300,0.064569,0.68%,9.5171,,
18,12/19/05,15.09,15.23,14.64,14.64,81900,-0.213072,-2.20%,9.4525,,
19,12/16/05,15.18,15.29,14.95,14.97,285100,-0.083937,-0.86%,9.6656,,
20,12/15/05,15.08,15.17,14.92,15.10,193600,-0.090391,-0.92%,9.7495,,
21,12/14/05,14.91,15.28,14.88,15.24,41100,0.161413,1.67%,9.8399,,
22,12/13/05,14.95,15.05,14.82,14.99,58200,-0.006453,-0.07%,9.6785,,
23,12/12/05,15.19,15.29,15.00,15.00,44100,-0.148504,-1.51%,9.685,,
24,12/09/05,15.21,15.27,15.07,15.23,36000,0.025827,0.26%,9.8335,,
25,12/08/05,15.05,15.39,14.99,15.19,131900,0.077481,0.80%,9.8076,,
26,12/07/05,15.23,15.23,14.92,15.07,82600,-0.032288,-0.33%,9.7301,,
27,12/06/05,15.12,15.34,15.08,15.12,67600,0.077484,0.80%,9.7624,,
28,12/05/05,15.00,15.02,14.78,15.00,94800,-0.045196,-0.46%,9.685,,
29,12/02/05,15.00,15.08,14.78,15.07,93900,-0.012911,-0.13%,9.7301,,
30,12/01/05,14.62,15.40,14.62,15.09,191800,0.180782,1.89%,9.7431,,
31,11/30/05,14.64,14.82,14.55,14.81,105000,0.122677,1.30%,9.5623,,
32,11/29/05,14.60,14.78,14.57,14.62,66500,0.045193,0.48%,9.4396,,
33,11/28/05,14.87,14.91,14.54,14.55,187800,-0.122674,-1.29%,9.3944,,
34,11/25/05,14.58,14.83,14.43,14.74,9500,0.012914,0.14%,9.5171,,
35,11/24/05,,,,14.72,0,,0.00%,9.5042,,
36,11/23/05,14.56,14.78,14.46,14.72,80200,0.058106,0.62%,9.5042,,
37,11/22/05,14.69,14.75,14.44,14.63,65200,-0.064563,-0.68%,9.4461,,
38,11/21/05,14.56,14.82,14.52,14.73,74100,0.064563,0.68%,9.5106,,
39,11/18/05,14.83,14.84,14.57,14.63,76100,0.012915,0.14%,9.4461,,
40,11/17/05,14.38,14.64,14.27,14.61,85300,0.225986,2.45%,9.4331,,
41,11/16/05,14.73,14.74,14.26,14.26,50000,-0.238901,-2.53%,9.2072,,
42,11/15/05,14.88,14.88,14.54,14.63,141100,-0.096846,-1.01%,9.4461,,
43,11/14/05,14.98,15.00,14.64,14.78,94400,-0.122677,-1.27%,9.5429,,
44,11/11/05,14.97,14.97,14.78,14.97,45800,0.012914,0.13%,9.6656,,
45,11/10/05,14.74,14.97,14.42,14.95,66900,0.206609,2.19%,9.6527,,
46,11/09/05,14.69,14.82,14.50,14.63,51400,0.032289,0.34%,9.4461,,
47,11/08/05,14.61,14.65,14.46,14.58,38200,-0.096852,-1.02%,9.4138,,
48,11/07/05,14.60,14.97,14.53,14.73,64900,0.012913,0.14%,9.5106,,
49,11/04/05,14.61,14.79,14.52,14.71,45900,0.05165,0.55%,9.4977,,
50,11/03/05,14.78,14.99,14.62,14.63,59200,-0.038738,-0.41%,9.4461,,
51,11/02/05,14.30,14.78,14.30,14.69,64800,0.206615,2.23%,9.4848,,
52,11/01/05,14.31,14.49,14.23,14.37,43300,-0.019372,-0.21%,9.2782,,
53,10/31/05,14.40,14.70,14.30,14.40,122100,-0.038738,-0.41%,9.2976,,
54,10/28/05,14.00,14.47,13.96,14.46,133700,0.390383,4.36%,9.3363,,
55,10/27/05,14.34,14.39,13.99,14.04,95800,-0.242124,-2.64%,8.9459,,
56,10/26/05,14.30,14.75,14.26,14.42,89300,0.019111,0.21%,9.188,,
57,10/25/05,14.83,14.95,14.23,14.39,196900,-0.318583,-3.36%,9.1689,,
58,10/24/05,14.09,14.89,14.09,14.89,136000,0.541596,6.05%,9.4875,,
59,10/21/05,13.80,14.19,13.76,14.04,205400,0.127436,1.45%,8.9459,,
60,10/20/05,14.00,14.40,13.75,13.84,102400,-0.197524,-2.19%,8.8185,,
61,10/19/05,13.63,14.18,13.57,14.15,291000,0.280352,3.21%,9.016,,
62,10/18/05,13.86,13.94,13.66,13.71,82800,-0.114688,-1.30%,8.7356,,
63,10/17/05,13.85,13.94,13.66,13.89,64600,0.006373,0.07%,8.8503,,
64,10/14/05,13.67,13.89,13.50,13.88,114600,0.216641,2.51%,8.844,,
65,10/13/05,13.36,13.64,13.23,13.54,116700,0.101945,1.20%,8.6273,,
66,10/12/05,13.40,13.53,13.21,13.38,94400,-0.019114,-0.22%,8.5254,,
67,10/11/05,13.76,13.98,13.36,13.41,168700,-0.248498,-2.83%,8.5445,,
68,10/10/05,14.10,14.2399,13.78,13.80,63200,-0.203898,-2.27%,8.793,,
69,10/07/05,14.13,14.26,14.03,14.12,80500,0.031861,0.36%,8.9969,,
70,10/06/05,14.02,14.28,13.98,14.07,79600,-0.006374,-0.07%,8.965,,
71,10/05/05,14.48,14.66,14.04,14.08,101000,-0.267609,-2.90%,8.9714,,
72,10/04/05,14.62,14.71,14.49,14.50,146700,-0.076459,-0.82%,9.239,,
73,10/03/05,14.71,15.20,14.56,14.62,171300,-0.063719,-0.68%,9.3155,,
74,09/30/05,14.60,14.77,14.60,14.72,99700,0.05097,0.55%,9.3792,,
75,09/29/05,14.34,14.66,14.33,14.64,79400,0.178412,1.95%,9.3282,,
76,09/28/05,14.53,14.61,14.27,14.36,145500,-0.133808,-1.44%,9.1498,,
77,09/27/05,14.51,14.70,14.42,14.57,100400,-0.044604,-0.48%,9.2836,,
78,09/26/05,14.58,14.75,14.42,14.64,157400,0.152923,1.67%,9.3282,,
79,09/23/05,14.09,14.57,14.00,14.40,214900,0.172035,1.91%,9.1753,,
80,09/22/05,14.33,14.35,14.10,14.13,218600,-0.191149,-2.08%,9.0033,,
81,09/21/05,14.75,14.81,14.35,14.43,178300,-0.248501,-2.63%,9.1944,,
82,09/20/05,14.99,15.10,14.70,14.82,208700,-0.108318,-1.13%,9.4429,,
83,09/19/05,15.10,15.14,14.99,14.99,186100,-0.095576,-0.99%,9.5512,,
84,09/16/05,15.27,15.27,15.06,15.14,546100,-0.025483,-0.26%,9.6468,,
85,09/15/05,15.27,15.27,15.00,15.18,128700,0.012741,0.13%,9.6723,,
86,09/14/05,15.19,15.38,15.13,15.16,129700,-0.012741,-0.13%,9.6595,,
87,09/13/05,15.44,15.44,15.02,15.18,108900,-0.114693,-1.17%,9.6723,,
88,09/12/05,15.18,15.40,15.02,15.36,161700,0.10832,1.12%,9.787,,
89,09/09/05,15.17,15.35,15.11,15.19,166500,-0.038231,-0.39%,9.6787,,
90,09/08/05,15.44,15.55,15.15,15.25,281200,-0.172036,-1.74%,9.7169,,
91,09/07/05,15.55,15.55,15.29,15.52,124900,-0.019118,-0.19%,9.8889,,
92,09/06/05,15.55,15.55,15.24,15.55,87100,0.095577,0.97%,9.908,,
93,09/05/05,,,,15.40,0,,0.00%,9.8125,,
94,09/02/05,15.46,15.48,15.32,15.40,50500,-0.038234,-0.39%,9.8125,,
95,09/01/05,15.27,15.50,15.02,15.46,140200,0.159296,1.64%,9.8507,,
96,08/31/05,14.96,15.21,14.92,15.21,67400,0.159296,1.67%,9.6914,,
97,08/30/05,14.95,15.12,14.78,14.96,107900,-0.025487,-0.27%,9.5321,,
98,08/29/05,14.88,15.00,14.01,15.00,109600,0.14655,1.56%,9.5576,,
99,08/26/05,14.96,15.04,14.75,14.77,97200,-0.191153,-1.99%,9.411,,
100,08/25/05,15.06,15.18,14.98,15.07,39900,0.00,0.00%,9.6022,,
101,08/24/05,14.86,15.13,14.83,15.07,106300,0.050972,0.53%,9.6022,,
102,08/23/05,15.07,15.16,14.87,14.99,58700,-0.044599,-0.46%,9.5512,,
103,08/22/05,15.04,15.10,14.87,15.06,72800,0.089202,0.94%,9.5958,,
104,08/19/05,14.98,15.10,14.82,14.92,81200,-0.076461,-0.80%,9.5066,,
105,08/18/05,15.16,15.22,14.97,15.04,207900,-0.121063,-1.25%,9.5831,,
106,08/17/05,15.13,15.37,15.07,15.23,224800,0.044603,0.46%,9.7041,,
107,08/16/05,15.34,15.49,15.04,15.16,352000,-0.063718,-0.66%,9.6595,,
108,08/15/05,15.15,15.35,15.144,15.26,248500,-0.006371,-0.07%,9.7233,,
109,08/12/05,15.59,15.67,15.16,15.27,195000,-0.254868,-2.55%,9.7296,,
110,08/11/05,15.45,15.75,15.41,15.67,219600,0.101947,1.03%,9.9845,,
111,08/10/05,15.62,15.75,15.36,15.51,82600,-0.127435,-1.27%,9.8826,,
112,08/09/05,15.91,15.91,15.66,15.71,109700,-0.101947,-1.01%,10.01,,
113,08/08/05,15.93,15.93,15.71,15.87,48000,-0.012746,-0.13%,10.1119,,
114,08/05/05,16.11,16.25,15.68,15.89,70400,-0.133806,-1.30%,10.1247,,
115,08/04/05,16.41,16.50,16.06,16.10,153200,-0.248496,-2.37%,10.2585,,
116,08/03/05,16.47,16.59,16.30,16.49,111400,-0.006374,-0.06%,10.507,,
117,08/02/05,16.32,16.50,16.21,16.50,83000,0.095575,0.92%,10.5134,,
118,08/01/05,16.19,16.40,16.19,16.35,172100,0.082836,0.80%,10.4178,,
119,07/29/05,16.12,16.47,16.12,16.22,85100,0.012742,0.12%,10.3349,,
120,07/28/05,16.42,16.49,16.13,16.20,133600,0.015692,0.15%,10.3222,,
121,07/27/05,16.52,16.52,16.20,16.36,147000,-0.1008,-0.97%,10.3065,,
122,07/26/05,16.00,16.66,15.98,16.52,291600,0.289794,2.86%,10.4073,,
123,07/25/05,16.04,16.13,15.87,16.06,105400,0.006299,0.06%,10.1175,,
124,07/22/05,15.85,16.07,15.75,16.05,164100,0.125996,1.26%,10.1112,,
125,07/21/05,16.16,16.16,15.64,15.85,226000,-0.195291,-1.92%,9.9852,,
126,07/20/05,15.74,16.17,15.66,16.16,100600,0.23939,2.41%,10.1805,,
127,07/19/05,15.85,15.95,15.72,15.78,209400,-0.056698,-0.57%,9.9411,,
128,07/18/05,15.86,15.97,15.71,15.87,174500,0.00,0.00%,9.9978,,
129,07/15/05,16.06,16.07,15.65,15.87,163600,-0.125997,-1.24%,9.9978,,
130,07/14/05,16.18,16.25,16.00,16.07,331200,-0.012601,-0.12%,10.1238,,
131,07/13/05,16.08,16.10,15.95,16.09,191900,0.069299,0.69%,10.1364,,
132,07/12/05,15.64,16.02,15.64,15.98,156200,0.132297,1.33%,10.0671,,
133,07/11/05,15.63,15.90,15.59,15.77,119000,0.044097,0.45%,9.9348,,
134,07/08/05,15.19,15.71,15.19,15.70,76800,0.33389,3.49%,9.8907,,
135,07/07/05,15.19,15.39,15.17,15.17,85600,-0.044095,-0.46%,9.5568,,
136,07/06/05,15.61,15.75,15.20,15.24,55000,-0.308693,-3.12%,9.6009,,
137,07/05/05,15.17,15.73,15.17,15.73,113500,0.258292,2.68%,9.9096,,
138,07/04/05,,,,15.32,0,,0.00%,9.6513,,
139,07/01/05,15.40,15.40,15.04,15.32,75500,0.075601,0.79%,9.6513,,
140,06/30/05,15.60,15.60,15.14,15.20,119200,-0.245695,-2.50%,9.5757,,
141,06/29/05,15.33,15.59,15.33,15.59,93100,0.132293,1.37%,9.8214,,
142,06/28/05,15.28,15.45,15.19,15.38,105900,0.0945,0.98%,9.6891,,
143,06/27/05,15.25,15.37,15.04,15.23,100500,-0.031499,-0.33%,9.5946,,
144,06/24/05,15.05,15.28,14.93,15.28,318100,0.125994,1.33%,9.6261,,
145,06/23/05,15.31,15.45,15.07,15.08,111600,-0.170093,-1.76%,9.5001,,
146,06/22/05,15.38,15.43,15.26,15.35,63100,0.056699,0.59%,9.6702,,
147,06/21/05,15.24,15.38,15.20,15.26,51200,-0.025198,-0.26%,9.6135,,
148,06/20/05,15.15,15.35,15.05,15.30,60900,0.069298,0.72%,9.6387,,
149,06/17/05,15.54,15.54,15.16,15.19,215100,-0.144896,-1.49%,9.5694,,
150,06/16/05,15.40,15.47,15.22,15.42,68300,0.031499,0.33%,9.7143,,
1,06/15/05,15.56,15.64,15.31,15.37,128400,-0.157496,-1.60%,9.6828,,
2,06/14/05,14.92,15.68,14.90,15.62,238800,0.384287,4.06%,9.8403,,
3,06/13/05,15.01,15.17,14.85,15.01,152200,-0.075597,-0.79%,9.456,,
4,06/10/05,15.26,15.29,15.06,15.13,70200,-0.056701,-0.59%,9.5316,,
5,06/09/05,15.03,15.29,14.89,15.22,143600,0.050399,0.53%,9.5883,,
6,06/08/05,15.23,15.43,15.01,15.14,104400,-0.006297,-0.07%,9.5379,,
7,06/07/05,15.19,15.42,15.15,15.15,106900,-0.069298,-0.72%,9.5442,,
8,06/06/05,15.20,15.30,15.07,15.26,133700,0.125998,1.33%,9.6135,,
9,06/03/05,15.01,15.50,15.01,15.06,115900,-0.031503,-0.33%,9.4875,,
10,06/02/05,15.00,15.27,14.9472,15.11,175600,0.025199,0.27%,9.519,,
11,06/01/05,15.14,15.41,15.03,15.07,175800,-0.018896,-0.20%,9.4938,,
12,05/31/05,15.20,15.29,15.10,15.10,160400,-0.075602,-0.79%,9.5127,,
13,05/30/05,,,,15.22,0,,0.00%,9.5883,,
14,05/27/05,15.25,15.31,15.19,15.22,68500,-0.056696,-0.59%,9.5883,,
15,05/26/05,15.10,15.31,15.10,15.31,68800,0.125995,1.32%,9.645,,
16,05/25/05,15.16,15.34,15.11,15.11,114200,-0.037799,-0.40%,9.519,,
17,05/24/05,15.29,15.45,15.15,15.17,88700,-0.006297,-0.07%,9.5568,,
18,05/23/05,15.18,15.39,15.15,15.18,72500,-0.037798,-0.39%,9.5631,,
19,05/20/05,15.35,15.35,15.02,15.24,57700,-0.075601,-0.78%,9.6009,,
20,05/19/05,15.21,15.42,15.20,15.36,45100,-0.012601,-0.13%,9.6765,,
21,05/18/05,15.39,15.46,15.14,15.38,158600,-0.037797,-0.39%,9.6891,,
22,05/17/05,15.19,15.57,15.02,15.44,91100,0.037797,0.39%,9.7269,,
23,05/16/05,15.10,15.39,14.94,15.38,88600,0.264594,2.81%,9.6891,,
24,05/13/05,14.91,15.03,14.73,14.96,73900,0.031502,0.34%,9.4245,,
25,05/12/05,15.44,15.45,14.87,14.91,95500,-0.333893,-3.43%,9.393,,
26,05/11/05,15.42,15.46,15.28,15.44,203000,0.119695,1.25%,9.7269,,
27,05/10/05,15.27,15.42,15.14,15.25,61800,-0.157493,-1.61%,9.6072,,
28,05/09/05,15.00,15.50,14.98,15.50,62700,0.26459,2.79%,9.7647,,
29,05/06/05,15.35,15.35,15.06,15.08,89600,-0.132296,-1.37%,9.5001,,
30,05/05/05,15.35,15.50,15.25,15.29,98700,-0.012598,-0.13%,9.6324,,
31,05/04/05,14.99,15.38,14.99,15.31,139200,0.201596,2.13%,9.645,,
32,05/03/05,14.95,15.20,14.95,14.99,108800,-0.018901,-0.20%,9.4434,,
33,05/02/05,14.95,15.04,14.86,15.02,169900,0.113399,1.21%,9.4623,,
34,04/29/05,14.60,14.96,14.55,14.84,305300,0.132294,1.44%,9.3489,,
35,04/28/05,14.58,14.92,14.58,14.63,326200,0.198209,2.20%,9.2166,,
36,04/27/05,14.00,14.63,14.00,14.50,240300,0.335861,3.87%,9.0184,,
37,04/26/05,14.00,14.19,13.85,13.96,99900,-0.099515,-1.13%,8.6826,,
38,04/25/05,13.98,14.36,13.98,14.12,106600,0.043538,0.50%,8.7821,,
39,04/22/05,14.38,14.46,13.96,14.05,86200,-0.248782,-2.77%,8.7386,,
40,04/21/05,14.58,14.58,14.25,14.45,81800,0.118173,1.33%,8.9873,,
41,04/20/05,14.75,14.81,14.25,14.26,161400,-0.236348,-2.60%,8.8692,,
42,04/19/05,14.80,14.81,14.46,14.64,184800,-0.074635,-0.81%,9.1055,,
43,04/18/05,14.65,15.07,14.65,14.76,151400,0.01866,0.20%,9.1801,,
44,04/15/05,14.84,15.14,14.69,14.73,96600,-0.136832,-1.47%,9.1615,,
45,04/14/05,15.05,15.22,14.95,14.95,68700,-0.068416,-0.73%,9.2983,,
46,04/13/05,15.50,15.50,15.04,15.06,83600,-0.267446,-2.78%,9.3667,,
47,04/12/05,14.99,15.53,14.99,15.49,342600,0.242569,2.58%,9.6342,,
48,04/11/05,15.14,15.20,15.03,15.10,70100,0.037316,0.40%,9.3916,,
49,04/08/05,15.30,15.30,15.04,15.04,55800,-0.099512,-1.05%,9.3543,,
50,04/07/05,15.02,15.33,14.89,15.20,48300,0.087073,0.93%,9.4538,,
51,04/06/05,15.22,15.22,15.04,15.06,119000,0.00,0.00%,9.3667,,
52,04/05/05,15.19,15.20,15.01,15.06,90500,0.012439,0.13%,9.3667,,
53,04/04/05,14.86,15.15,14.76,15.04,103500,0.049756,0.53%,9.3543,,
54,04/01/05,15.31,15.35,14.83,14.96,263200,-0.149268,-1.58%,9.3045,,
55,03/31/05,15.17,15.24,15.04,15.20,153900,-0.0622,-0.65%,9.4538,,
56,03/30/05,15.12,15.30,15.12,15.30,74300,0.155493,1.66%,9.516,,
57,03/29/05,15.06,15.24,15.03,15.05,99100,-0.068415,-0.73%,9.3605,,
58,03/28/05,15.14,15.24,15.08,15.16,99300,0.00,0.00%,9.4289,,
59,03/25/05,,,,15.16,0,,0.00%,9.4289,,
60,03/24/05,15.00,15.24,15.00,15.16,87400,0.055974,0.60%,9.4289,,
61,03/23/05,15.10,15.12,15.00,15.07,87900,-0.068413,-0.72%,9.373,,
62,03/22/05,15.30,15.53,15.13,15.18,62600,-0.074639,-0.78%,9.4414,,
63,03/21/05,15.48,15.48,15.24,15.30,69000,-0.006215,-0.07%,9.516,,
64,03/18/05,15.26,15.56,15.26,15.31,435600,-0.080858,-0.84%,9.5222,,
65,03/17/05,15.10,15.44,15.10,15.44,110200,0.211469,2.25%,9.6031,,
66,03/16/05,15.25,15.39,15.10,15.10,247400,-0.16793,-1.76%,9.3916,,
67,03/15/05,15.51,15.51,15.25,15.37,97800,0.00,0.00%,9.5595,,
68,03/14/05,15.25,15.46,15.25,15.37,59900,0.043534,0.46%,9.5595,,
69,03/11/05,15.40,15.42,15.25,15.30,102300,-0.012438,-0.13%,9.516,,
70,03/10/05,15.45,15.53,15.27,15.32,174100,-0.167927,-1.73%,9.5284,,
71,03/09/05,15.76,15.76,15.54,15.59,71300,-0.024878,-0.26%,9.6964,,
72,03/08/05,15.57,15.80,15.55,15.63,451900,-0.043541,-0.45%,9.7212,,
73,03/07/05,15.68,15.82,15.67,15.70,143200,-0.068412,-0.70%,9.7648,,
74,03/04/05,15.40,15.82,15.39,15.81,117000,0.205243,2.13%,9.8332,,
75,03/03/05,15.59,15.59,15.29,15.48,162100,-0.00622,-0.06%,9.628,,
76,03/02/05,15.59,15.68,15.43,15.49,150200,-0.149266,-1.53%,9.6342,,
77,03/01/05,15.70,15.86,15.45,15.73,139100,0.074634,0.77%,9.7834,,
78,02/28/05,15.56,15.65,15.41,15.61,191200,0.037313,0.39%,9.7088,,
79,02/25/05,15.31,15.55,15.31,15.55,177100,0.130615,1.37%,9.6715,,
80,02/24/05,15.29,15.41,15.15,15.34,287800,0.031099,0.33%,9.5409,,
81,02/23/05,15.58,15.62,15.29,15.29,180700,-0.105737,-1.10%,9.5098,,
82,02/22/05,15.65,15.70,15.40,15.46,167300,-0.118169,-1.21%,9.6155,,
83,02/21/05,,,,15.65,0,,0.00%,9.7337,,
84,02/18/05,15.84,15.84,15.48,15.65,143600,-0.054731,-0.56%,9.7337,,
85,02/17/05,15.92,16.04,15.738,15.738,166200,-0.162952,-1.64%,9.7884,,
86,02/16/05,15.92,16.10,15.85,16.00,184500,0.031095,0.31%,9.9514,,
87,02/15/05,16.019,16.03,15.83,15.95,117500,0.055976,0.57%,9.9203,,
88,02/14/05,15.97,16.19,15.83,15.86,84300,-0.13683,-1.37%,9.8643,,
89,02/11/05,15.88,16.17,15.72,16.08,103300,0.040429,0.41%,10.0011,,
90,02/10/05,15.94,16.05,15.67,16.015,178600,0.139938,1.42%,9.9607,,
91,02/09/05,16.38,16.39,15.75,15.79,102500,-0.267441,-2.65%,9.8208,,
92,02/08/05,16.33,16.43,16.12,16.22,102900,-0.055978,-0.55%,10.0882,,
93,02/07/05,16.40,16.40,16.15,16.31,94500,-0.043539,-0.43%,10.1442,,
94,02/04/05,16.48,16.48,16.24,16.38,309900,-0.031099,-0.30%,10.1877,,
95,02/03/05,16.55,16.62,16.25,16.43,119300,-0.087071,-0.84%,10.2188,,
96,02/02/05,16.34,16.68,16.34,16.57,122600,0.062195,0.61%,10.3059,,
97,02/01/05,16.22,16.70,16.22,16.47,156400,0.012438,0.12%,10.2437,,
98,01/31/05,16.34,16.45,16.13,16.45,81600,0.217689,2.17%,10.2313,,
99,01/28/05,16.60,16.60,16.03,16.10,139100,-0.30476,-2.95%,10.0136,,
100,01/27/05,16.93,17.00,16.40,16.59,129900,0.065076,0.63%,10.3183,,
101,01/26/05,16.34,16.77,16.12,16.67,228900,0.319838,3.22%,10.2533,,
102,01/25/05,16.17,16.27,15.99,16.15,174400,0.061508,0.62%,9.9334,,
103,01/24/05,16.29,16.34,15.95,16.05,289800,0.030757,0.31%,9.8719,,
104,01/21/05,16.45,16.45,15.98,16.00,194200,-0.129168,-1.30%,9.8412,,
105,01/20/05,16.51,16.80,16.21,16.21,126200,-0.369045,-3.57%,9.9703,,
106,01/19/05,16.62,16.90,16.41,16.81,287700,0.209127,2.06%,10.3394,,
107,01/18/05,16.10,16.59,16.00,16.47,133200,0.166069,1.67%,10.1302,,
108,01/17/05,,,,16.20,0,,0.00%,9.9642,,
109,01/14/05,16.15,16.37,16.00,16.20,140800,0.086113,0.87%,9.9642,,
110,01/13/05,16.49,16.95,16.06,16.06,103500,-0.221429,-2.19%,9.8781,,
111,01/12/05,16.34,16.46,16.05,16.42,124000,0.030756,0.31%,10.0995,,
112,01/11/05,16.62,16.65,16.352,16.37,108100,-0.190674,-1.86%,10.0687,,
113,01/10/05,16.30,17.00,16.30,16.68,133300,0.190674,1.89%,10.2594,,
114,01/07/05,17.15,17.25,16.33,16.37,180300,-0.387495,-3.71%,10.0687,,
115,01/06/05,17.10,17.30,16.97,17.00,126400,-0.153774,-1.45%,10.4562,,
116,01/05/05,17.30,17.33,17.10,17.25,231300,-0.092258,-0.86%,10.61,,
117,01/04/05,17.53,17.75,17.36,17.40,98900,-0.006147,-0.06%,10.7023,,
118,01/03/05,17.72,18.00,17.30,17.41,165300,-0.307539,-2.79%,10.7084,,
119,12/31/04,17.89,18.00,17.72,17.91,64800,-0.043059,-0.39%,11.0159,,
120,12/30/04,17.74,18.00,17.74,17.98,41300,0.036908,0.33%,11.059,,
121,12/29/04,18.00,18.01,17.79,17.92,52700,-0.018454,-0.17%,11.0221,,
122,12/28/04,17.61,18.02,17.61,17.95,91300,0.282938,2.63%,11.0405,,
123,12/27/04,18.00,18.00,17.46,17.49,58500,-0.239883,-2.18%,10.7576,,
124,12/24/04,,,,17.88,0,,0.00%,10.9975,,
125,12/23/04,17.92,17.99,17.86,17.88,50400,-0.073809,-0.67%,10.9975,,
126,12/22/04,17.74,18.00,17.74,18.00,95200,0.024604,0.22%,11.0713,,
127,12/21/04,17.57,17.96,17.54,17.96,100700,0.319837,2.98%,11.0467,,
128,12/20/04,17.61,17.61,17.30,17.44,80200,-0.024601,-0.23%,10.7269,,
129,12/17/04,17.69,17.69,17.30,17.48,785800,-0.036903,-0.34%,10.7515,,
130,12/16/04,17.65,17.70,17.43,17.54,84600,-0.104566,-0.96%,10.7884,,
131,12/15/04,17.57,17.81,17.51,17.71,170600,-0.153767,-1.39%,10.8929,,
132,12/14/04,17.64,18.00,17.58,17.96,84100,0.221426,2.05%,11.0467,,
133,12/13/04,17.43,17.62,17.35,17.60,85800,0.030754,0.28%,10.8253,,
134,12/10/04,17.57,17.62,17.45,17.55,192800,-0.01845,-0.17%,10.7945,,
135,12/09/04,17.50,17.75,17.37,17.58,82100,0.00,0.00%,10.813,,
136,12/08/04,17.54,17.74,17.35,17.58,93000,0.067656,0.63%,10.813,,
137,12/07/04,18.00,18.00,17.45,17.47,100900,-0.32599,-2.94%,10.7453,,
138,12/06/04,18.11,18.29,17.95,18.00,157700,-0.172218,-1.53%,11.0713,,
139,12/03/04,18.48,18.60,18.05,18.28,328000,-0.246028,-2.14%,11.2435,,
140,12/02/04,18.72,18.83,18.51,18.68,226100,-0.06151,-0.53%,11.4895,,
141,12/01/04,18.35,19.00,18.34,18.78,480000,0.264482,2.34%,11.5511,,
142,11/30/04,18.00,18.37,17.80,18.35,190900,0.215274,1.94%,11.2866,,
143,11/29/04,17.99,18.00,17.74,18.00,156400,0.079963,0.73%,11.0713,,
144,11/26/04,17.99,18.00,17.87,17.87,66100,-0.055359,-0.50%,10.9913,,
145,11/25/04,,,,17.96,0,,0.00%,11.0467,,
146,11/24/04,17.97,18.05,17.87,17.96,162800,0.012301,0.11%,11.0467,,
147,11/23/04,17.72,17.95,17.51,17.94,232100,0.166069,1.53%,11.0344,,
148,11/22/04,17.17,17.67,17.16,17.67,126100,0.295236,2.79%,10.8683,,
149,11/19/04,17.23,17.45,17.09,17.19,144500,-0.073808,-0.69%,10.5731,,
150,11/18/04,17.50,17.55,17.19,17.31,61000,-0.147618,-1.37%,10.6469,,
1,11/17/04,17.51,17.73,17.36,17.55,86900,0.141465,1.33%,10.7945,,
2,11/16/04,17.61,17.62,17.32,17.32,97500,-0.166068,-1.53%,10.6531,,
3,11/15/04,17.569,17.59,17.36,17.59,137900,0.024603,0.23%,10.8191,,
4,11/12/04,17.41,17.57,17.31,17.55,119600,0.092261,0.86%,10.7945,,
5,11/11/04,17.13,17.40,17.10,17.40,179000,0.092258,0.87%,10.7023,,
6,11/10/04,17.09,17.262,16.99,17.25,79800,0.049207,0.47%,10.61,,
7,11/09/04,16.78,17.17,16.76,17.17,180200,0.276785,2.69%,10.5608,,
8,11/08/04,17.09,17.09,16.62,16.72,167300,-0.196824,-1.88%,10.284,,
9,11/05/04,17.16,17.25,16.84,17.04,161000,-0.061505,-0.58%,10.4808,,
10,11/04/04,17.04,17.15,16.82,17.14,167300,0.092259,0.88%,10.5423,,
11,11/03/04,17.00,17.00,16.69,16.99,332300,0.202971,1.98%,10.4501,,
12,11/02/04,16.37,16.69,16.30,16.66,122800,0.196822,1.96%,10.2471,,
13,11/01/04,15.95,16.36,15.91,16.34,87200,0.172227,1.74%,10.0503,,
14,10/29/04,16.06,16.13,15.90,16.06,96900,-0.067662,-0.68%,9.8781,,
15,10/28/04,16.10,16.40,15.81,16.17,136200,-0.089409,-0.89%,9.9457,,
16,10/27/04,16.02,16.50,16.02,16.50,146400,0.212866,2.17%,10.0351,,
17,10/26/04,16.10,16.16,15.90,16.15,470500,0.030411,0.31%,9.8223,,
18,10/25/04,15.72,16.126,15.60,16.10,711000,0.036488,0.37%,9.7918,,
19,10/22/04,16.40,16.46,15.97,16.04,494600,-0.279765,-2.79%,9.7554,,
20,10/21/04,16.53,16.67,16.48,16.50,157000,-0.060821,-0.60%,10.0351,,
21,10/20/04,16.90,17.00,16.54,16.60,210500,-0.200699,-1.95%,10.0959,,
22,10/19/04,17.32,17.32,16.88,16.93,110500,-0.145969,-1.40%,10.2966,,
23,10/18/04,17.00,17.35,17.00,17.17,83900,0.054738,0.53%,10.4426,,
24,10/15/04,16.90,17.25,16.89,17.08,80800,0.097312,0.95%,10.3879,,
25,10/14/04,16.995,17.06,16.89,16.92,65500,-0.048655,-0.47%,10.2906,,
26,10/13/04,17.21,17.30,17.00,17.00,62800,-0.115556,-1.11%,10.3392,,
27,10/12/04,16.97,17.30,16.65,17.19,90700,0.024327,0.23%,10.4548,,
28,10/11/04,16.87,17.16,16.87,17.15,43600,0.170293,1.66%,10.4304,,
29,10/08/04,16.90,17.40,16.87,16.87,112800,-0.066903,-0.65%,10.2602,,
30,10/07/04,17.34,17.35,16.96,16.98,72000,-0.218944,-2.08%,10.3271,,
31,10/06/04,17.22,17.35,17.21,17.34,107100,0.091227,0.87%,10.546,,
32,10/05/04,17.37,17.41,17.04,17.19,110200,-0.066901,-0.64%,10.4548,,
33,10/04/04,16.91,17.40,16.87,17.30,106900,0.182457,1.76%,10.5217,,
34,10/01/04,16.96,17.06,16.69,17.00,118600,0.121639,1.19%,10.3392,,
35,09/30/04,16.879,17.04,16.72,16.80,82900,-0.054739,-0.53%,10.2176,,
36,09/29/04,16.60,16.89,16.50,16.89,125400,0.176373,1.75%,10.2723,,
37,09/28/04,16.42,16.64,16.30,16.60,92100,0.273687,2.79%,10.0959,,
38,09/27/04,16.65,16.65,16.15,16.15,91900,-0.261524,-2.59%,9.8223,,
39,09/24/04,16.63,16.79,16.55,16.58,73700,-0.024324,-0.24%,10.0838,,
40,09/23/04,16.86,16.86,16.46,16.62,175500,-0.030413,-0.30%,10.1081,,
41,09/22/04,16.96,17.05,16.67,16.67,282400,-0.04865,-0.48%,10.1385,,
42,09/21/04,16.681,16.82,16.60,16.75,132500,0.042573,0.42%,10.1872,,
43,09/20/04,17.00,17.17,16.68,16.68,158400,-0.194622,-1.88%,10.1446,,
44,09/17/04,17.14,17.58,16.96,17.00,208500,-0.115556,-1.11%,10.3392,,
45,09/16/04,17.08,17.50,17.08,17.19,177500,0.054736,0.53%,10.4548,,
46,09/15/04,17.47,17.47,17.10,17.10,66600,-0.176375,-1.67%,10.40,,
47,09/14/04,17.45,17.45,17.15,17.39,68400,-0.036488,-0.34%,10.5764,,
48,09/13/04,17.40,17.48,17.25,17.45,180400,0.054735,0.52%,10.6129,,
49,09/10/04,17.01,17.44,17.01,17.36,134700,0.16421,1.58%,10.5582,,
50,09/09/04,17.14,17.14,16.93,17.09,126600,0.024326,0.23%,10.394,,
51,09/08/04,17.40,17.40,17.01,17.05,193000,-0.200703,-1.90%,10.3696,,
52,09/07/04,17.10,17.55,17.10,17.38,290400,0.194624,1.88%,10.5703,,
53,09/06/04,,,,17.06,0,,0.00%,10.3757,,
54,09/03/04,16.82,17.32,16.77,17.06,61600,0.006079,0.06%,10.3757,,
55,09/02/04,16.69,17.05,16.62,17.05,56000,0.158129,1.55%,10.3696,,
56,09/01/04,16.74,17.45,16.54,16.79,211300,0.097315,0.96%,10.2115,,
57,08/31/04,16.72,16.87,16.56,16.63,51900,-0.054742,-0.54%,10.1142,,
58,08/30/04,16.76,16.86,16.57,16.72,71900,-0.036487,-0.36%,10.1689,,
59,08/27/04,16.76,17.04,16.75,16.78,77300,-0.036494,-0.36%,10.2054,,
60,08/26/04,16.42,16.91,16.42,16.84,148600,0.206785,2.06%,10.2419,,
61,08/25/04,16.36,16.50,16.291,16.50,85100,0.091229,0.92%,10.0351,,
62,08/24/04,16.40,16.50,16.27,16.35,58400,0.085146,0.86%,9.9439,,
63,08/23/04,16.45,16.46,16.20,16.21,81600,-0.091231,-0.92%,9.8588,,
64,08/20/04,16.25,16.41,16.14,16.36,119100,0.10339,1.05%,9.95,,
65,08/19/04,16.50,16.50,16.09,16.19,108300,-0.212859,-2.12%,9.8466,,
66,08/18/04,16.21,16.59,16.12,16.54,135900,0.145962,1.47%,10.0595,,
67,08/17/04,16.21,16.34,16.00,16.30,131000,0.091229,0.93%,9.9135,,
68,08/16/04,16.11,16.36,15.968,16.15,66200,0.060819,0.62%,9.8223,,
69,08/13/04,16.04,16.12,15.86,16.05,38400,0.121638,1.26%,9.7614,,
70,08/12/04,15.95,16.15,15.85,15.85,92300,-0.182457,-1.86%,9.6398,,
71,08/11/04,15.95,16.15,15.76,16.15,120300,0.042573,0.44%,9.8223,,
72,08/10/04,15.76,16.16,15.75,16.08,212200,0.23111,2.42%,9.7797,,
73,08/09/04,15.61,15.80,15.52,15.70,218500,0.060822,0.64%,9.5486,,
74,08/06/04,15.90,15.98,15.60,15.60,130200,-0.243275,-2.50%,9.4878,,
75,08/05/04,16.339,16.36,15.91,16.00,134800,-0.164213,-1.66%,9.731,,
76,08/04/04,16.25,16.38,16.19,16.27,120000,-0.060818,-0.61%,9.8952,,
77,08/03/04,16.40,16.50,16.26,16.37,130800,-0.115555,-1.15%,9.9561,,
78,08/02/04,16.69,16.70,16.41,16.56,137300,-0.036492,-0.36%,10.0716,,
79,07/30/04,16.645,16.75,16.51,16.62,99500,-0.060822,-0.60%,10.1081,,
80,07/29/04,16.53,16.73,16.43,16.72,137400,0.19462,1.95%,10.1689,,
81,07/28/04,16.51,16.70,16.23,16.40,152000,-0.106658,-1.06%,9.9743,,
82,07/27/04,16.70,16.90,16.56,16.76,305400,0.036091,0.36%,10.081,,
83,07/26/04,16.71,16.84,16.61,16.70,118200,-0.018047,-0.18%,10.0449,,
84,07/23/04,17.44,17.44,16.73,16.73,87500,-0.342846,-3.29%,10.0629,,
85,07/22/04,17.07,17.46,16.90,17.30,170900,0.132326,1.29%,10.4058,,
86,07/21/04,17.64,17.76,17.08,17.08,146000,-0.300742,-2.84%,10.2734,,
87,07/20/04,17.25,17.58,17.19,17.58,50600,0.252624,2.45%,10.5742,,
88,07/19/04,17.05,17.31,17.01,17.16,97100,0.03609,0.35%,10.3216,,
89,07/16/04,17.39,17.47,17.08,17.10,99000,-0.126317,-1.21%,10.2855,,
90,07/15/04,17.31,17.64,17.31,17.31,93500,-0.024058,-0.23%,10.4118,,
91,07/14/04,17.23,17.77,17.15,17.35,122700,0.00,0.00%,10.4358,,
92,07/13/04,17.54,17.83,17.35,17.35,101000,-0.036084,-0.34%,10.4358,,
93,07/12/04,17.10,17.60,17.10,17.41,90900,0.150369,1.46%,10.4719,,
94,07/09/04,17.10,17.37,17.04,17.16,68300,0.054135,0.53%,10.3216,,
95,07/08/04,17.39,17.74,17.01,17.07,88100,-0.234579,-2.23%,10.2674,,
96,07/07/04,17.25,17.73,17.25,17.46,122500,0.078194,0.75%,10.502,,
97,07/06/04,17.68,17.68,17.25,17.33,189400,-0.168423,-1.59%,10.4238,,
98,07/05/04,,,,17.61,0,,0.00%,10.5922,,
99,07/02/04,17.64,17.70,17.50,17.61,70500,0.084209,0.80%,10.5922,,
100,07/01/04,17.67,17.78,17.36,17.47,170400,-0.00601,-0.06%,10.508,,
101,06/30/04,17.58,17.78,17.47,17.48,400800,-0.012033,-0.11%,10.514,,
102,06/29/04,17.41,17.70,17.02,17.50,382000,-0.042102,-0.40%,10.5261,,
103,06/28/04,17.40,17.58,17.04,17.57,202900,0.300744,2.93%,10.5682,,
104,06/25/04,17.42,17.555,16.85,17.07,1068900,-0.108269,-1.04%,10.2674,,
105,06/24/04,17.43,17.75,17.15,17.25,349200,0.006015,0.06%,10.3757,,
106,06/23/04,16.82,17.25,16.75,17.24,547300,0.162401,1.59%,10.3697,,
107,06/22/04,16.72,16.97,16.61,16.97,402000,0.18646,1.86%,10.2073,,
108,06/21/04,16.66,16.79,16.61,16.66,190500,0.00,0.00%,10.0208,,
109,06/18/04,16.54,16.91,16.39,16.66,291100,-0.090222,-0.89%,10.0208,,
110,06/17/04,16.87,16.95,16.60,16.81,165600,-0.006017,-0.06%,10.111,,
111,06/16/04,16.91,16.91,16.63,16.82,308900,0.036091,0.36%,10.1171,,
112,06/15/04,16.40,16.98,16.40,16.76,147000,0.210523,2.13%,10.081,,
113,06/14/04,16.74,16.90,16.40,16.41,238800,-0.246614,-2.44%,9.8704,,
114,06/11/04,,,,16.82,0,,0.00%,10.1171,,
115,06/10/04,17.01,17.18,16.81,16.82,317600,-0.180444,-1.75%,10.1171,,
116,06/09/04,17.38,17.49,16.91,17.12,161200,-0.222549,-2.12%,10.2975,,
117,06/08/04,17.39,17.70,17.33,17.49,68300,-0.054134,-0.51%,10.5201,,
118,06/07/04,17.33,17.58,17.08,17.58,248900,0.27067,2.63%,10.5742,,
119,06/04/04,16.91,17.20,16.66,17.13,99700,0.276682,2.76%,10.3035,,
120,06/03/04,17.10,17.27,16.66,16.67,159200,-0.240593,-2.34%,10.0268,,
121,06/02/04,16.85,17.25,16.72,17.07,250500,0.090225,0.89%,10.2674,,
122,06/01/04,17.18,17.34,16.84,16.92,215800,-0.10827,-1.05%,10.1772,,
123,05/31/04,,,,17.10,0,,0.00%,10.2855,,
124,05/28/04,17.24,17.47,17.02,17.10,85400,-0.078195,-0.75%,10.2855,,
125,05/27/04,17.47,17.65,16.98,17.23,266300,-0.042103,-0.40%,10.3637,,
126,05/26/04,17.03,17.31,16.92,17.30,183900,0.066163,0.64%,10.4058,,
127,05/25/04,16.88,17.19,16.79,17.19,192800,0.246612,2.44%,10.3396,,
128,05/24/04,16.97,17.18,16.78,16.78,162800,-0.09624,-0.94%,10.093,,
129,05/21/04,16.67,16.94,16.51,16.94,279100,0.264655,2.67%,10.1892,,
130,05/20/04,16.41,16.60,16.33,16.50,547900,0.07218,0.73%,9.9246,,
131,05/19/04,16.36,16.52,16.22,16.38,342800,0.126311,1.30%,9.8524,,
132,05/18/04,16.19,16.21,15.90,16.17,93800,0.1203,1.25%,9.7261,,
133,05/17/04,16.20,16.21,15.94,15.97,95800,-0.180449,-1.84%,9.6058,,
134,05/14/04,16.36,16.79,16.13,16.27,248400,-0.054131,-0.55%,9.7862,,
135,05/13/04,16.47,16.59,16.19,16.36,389900,-0.006016,-0.06%,9.8404,,
136,05/12/04,16.53,16.53,15.88,16.37,176700,-0.048121,-0.49%,9.8464,,
137,05/11/04,16.44,16.59,16.10,16.45,175400,0.192476,1.98%,9.8945,,
138,05/10/04,16.50,16.52,15.91,16.13,181500,-0.22255,-2.24%,9.702,,
139,05/07/04,16.80,17.02,16.47,16.50,168900,-0.198488,-1.96%,9.9246,,
140,05/06/04,17.42,17.42,16.83,16.83,221200,-0.348863,-3.33%,10.1231,,
141,05/05/04,17.229,17.74,17.12,17.41,189400,0.192473,1.87%,10.4719,,
142,05/04/04,17.36,17.46,17.04,17.09,260800,-0.240594,-2.29%,10.2795,,
143,05/03/04,17.031,17.51,17.031,17.49,159800,0.23458,2.28%,10.5201,,
144,04/30/04,16.97,17.34,16.961,17.10,181500,0.024057,0.23%,10.2855,,
145,04/29/04,17.30,17.60,17.00,17.06,192700,-0.144355,-1.39%,10.2614,,
146,04/28/04,18.321,18.321,17.21,17.30,319900,-0.38818,-3.60%,10.4058,,
147,04/27/04,18.40,18.50,18.00,18.13,217100,-0.113123,-1.04%,10.794,,
148,04/26/04,18.79,18.91,18.20,18.32,251100,-0.404843,-3.58%,10.9071,,
149,04/23/04,18.36,19.05,18.30,19.00,182000,0.369127,3.37%,11.3119,,
150,04/22/04,18.80,18.90,17.90,18.38,388600,-0.297686,-2.65%,10.9428,,
1,04/21/04,18.601,19.35,18.48,18.88,176200,0.160748,1.45%,11.2405,,
2,04/20/04,18.90,19.20,18.60,18.61,159900,-0.142887,-1.27%,11.0797,,
3,04/19/04,18.74,19.07,18.62,18.85,226000,0.035722,0.32%,11.2226,,
4,04/16/04,18.70,18.97,18.50,18.79,225800,0.071444,0.64%,11.1869,,
5,04/15/04,18.94,19.20,18.30,18.67,261700,-0.136934,-1.22%,11.1154,,
6,04/14/04,19.25,19.33,18.75,18.90,183700,-0.261959,-2.28%,11.2524,,
7,04/13/04,20.41,20.41,19.10,19.34,270600,-0.601318,-4.96%,11.5143,,
8,04/12/04,20.27,20.44,20.12,20.35,131900,0.00,0.00%,12.1157,,
9,04/09/04,,,,20.35,0,,0.00%,12.1157,,
10,04/08/04,20.46,20.55,20.32,20.35,98600,-0.053582,-0.44%,12.1157,,
11,04/07/04,20.191,20.53,20.10,20.44,108800,0.107167,0.89%,12.1692,,
12,04/06/04,20.35,20.51,20.18,20.26,183000,-0.232196,-1.89%,12.0621,,
13,04/05/04,20.54,20.77,20.29,20.65,164200,0.089307,0.73%,12.2943,,
14,04/02/04,20.90,21.14,20.11,20.50,179500,-0.184562,-1.49%,12.205,,
15,04/01/04,20.39,20.83,20.37,20.81,116300,0.273866,2.26%,12.3895,,
16,03/31/04,20.651,20.78,20.18,20.35,209300,-0.261962,-2.12%,12.1157,,
17,03/30/04,20.28,20.81,20.26,20.79,126900,0.30959,2.57%,12.3776,,
18,03/29/04,20.31,20.45,20.00,20.27,192100,0.053586,0.45%,12.068,,
19,03/26/04,20.25,20.37,19.91,20.18,86800,-0.011907,-0.10%,12.0144,,
20,03/25/04,20.03,20.20,19.77,20.20,240200,0.232187,1.97%,12.0264,,
21,03/24/04,20.05,20.06,19.73,19.81,142300,-0.172649,-1.44%,11.7942,,
22,03/23/04,20.31,20.31,19.94,20.10,151600,-0.053583,-0.45%,11.9668,,
23,03/22/04,20.55,20.67,19.78,20.19,439400,-0.244104,-1.99%,12.0204,,
24,03/19/04,21.15,21.16,20.30,20.60,474900,-0.238144,-1.90%,12.2645,,
25,03/18/04,21.13,21.31,20.95,21.00,231100,-0.142887,-1.13%,12.5026,,
26,03/17/04,20.98,21.30,20.80,21.24,300400,0.162627,1.30%,12.6455,,
27,03/16/04,31.33,31.57,30.80,31.19,213700,0.075512,0.61%,12.4829,,
28,03/15/04,31.461,31.63,31.18,31.26,114400,-0.127008,-1.01%,12.4074,,
29,03/12/04,31.10,31.58,30.65,31.58,290900,0.162729,1.32%,12.5344,,
30,03/11/04,30.88,31.56,30.65,31.17,215200,0.134948,1.10%,12.3717,,
31,03/10/04,31.06,31.28,30.81,30.83,110600,-0.099227,-0.80%,12.2367,,
32,03/09/04,30.87,31.65,30.83,31.08,165500,0.059537,0.48%,12.336,,
33,03/08/04,32.00,32.00,30.92,30.93,156700,-0.408816,-3.22%,12.2764,,
34,03/05/04,31.53,32.09,31.46,31.96,186500,0.103194,0.82%,12.6852,,
35,03/04/04,31.07,31.70,31.056,31.70,178900,0.242118,1.96%,12.582,,
36,03/03/04,30.74,31.20,30.25,31.09,112800,0.206394,1.70%,12.3399,,
37,03/02/04,31.18,31.18,30.55,30.57,124600,-0.246087,-1.99%,12.1335,,
38,03/01/04,31.60,31.60,30.961,31.19,163600,-0.134947,-1.08%,12.3796,,
39,02/27/04,30.75,31.57,30.50,31.53,292800,0.313558,2.57%,12.5146,,
40,02/26/04,30.939,31.00,30.58,30.74,97800,-0.063508,-0.52%,12.201,,
41,02/25/04,30.50,30.90,30.43,30.90,88700,0.18655,1.54%,12.2645,,
42,02/24/04,30.425,30.84,30.25,30.43,147800,0.011908,0.10%,12.078,,
43,02/23/04,31.09,31.09,30.33,30.40,149300,-0.198458,-1.62%,12.066,,
44,02/20/04,31.16,31.29,30.87,30.90,137500,0.007941,0.06%,12.2645,,
45,02/19/04,30.96,31.43,30.72,30.88,150800,0.00,0.00%,12.2566,,
46,02/18/04,31.40,31.51,30.75,30.88,112900,-0.218301,-1.75%,12.2566,,
47,02/17/04,31.69,32.27,31.20,31.43,123400,-0.067475,-0.54%,12.4749,,
48,02/16/04,,,,31.60,0,,0.00%,12.5423,,
49,02/13/04,31.80,32.22,31.56,31.60,114400,-0.079379,-0.63%,12.5423,,
50,02/12/04,32.00,32.00,31.57,31.80,176600,-0.067478,-0.53%,12.6217,,
51,02/11/04,31.88,32.15,31.73,31.97,172700,-0.039692,-0.31%,12.6892,,
52,02/10/04,31.37,32.09,31.26,32.07,182700,0.321499,2.59%,12.7289,,
53,02/09/04,31.15,31.50,31.10,31.26,131200,0.04763,0.39%,12.4074,,
54,02/06/04,30.60,31.19,30.50,31.14,173500,0.317525,2.64%,12.3598,,
55,02/05/04,30.699,30.74,30.30,30.34,132400,-0.115101,-0.95%,12.0422,,
56,02/04/04,31.00,31.17,30.00,30.63,263700,-0.146857,-1.19%,12.1573,,
57,02/03/04,31.05,31.12,30.50,31.00,263300,-0.063508,-0.51%,12.3042,,
58,02/02/04,30.631,31.20,30.63,31.16,163400,0.202428,1.66%,12.3677,,
59,01/30/04,30.03,30.80,30.03,30.65,151300,0.210362,1.76%,12.1653,,
60,01/29/04,30.50,30.55,30.03,30.12,128100,-0.111136,-0.92%,11.9549,,
61,01/28/04,30.00,30.75,29.90,30.40,379100,0.322985,2.75%,12.066,,
62,01/27/04,29.80,30.45,29.63,29.85,482200,0.137691,1.19%,11.7431,,
63,01/26/04,30.46,30.64,29.37,29.50,369200,-0.472085,-3.91%,11.6054,,
64,01/23/04,31.16,31.16,30.25,30.70,163400,-0.318655,-2.57%,12.0775,,
65,01/22/04,30.86,31.53,30.82,31.51,223000,0.255714,2.11%,12.3961,,
66,01/21/04,30.84,31.05,30.61,30.86,132300,0.09048,0.75%,12.1404,,
67,01/20/04,30.96,31.02,30.39,30.63,109100,-0.1849,-1.51%,12.0499,,
68,01/19/04,,,,31.10,0,,0.00%,12.2348,,
69,01/16/04,31.62,31.62,30.79,31.10,125100,-0.192762,-1.55%,12.2348,,
70,01/15/04,31.061,31.59,31.00,31.59,83400,0.1967,1.61%,12.4276,,
71,01/14/04,30.75,31.12,30.68,31.09,92300,0.141627,1.17%,12.2309,,
72,01/13/04,30.41,30.73,30.23,30.73,136200,0.133755,1.12%,12.0893,,
73,01/12/04,29.92,30.46,29.88,30.39,109300,0.192767,1.64%,11.9555,,
74,01/09/04,30.46,30.65,29.90,29.90,76600,-0.236043,-1.97%,11.7627,,
75,01/08/04,30.60,30.75,30.45,30.50,75700,-0.051144,-0.42%,11.9988,,
76,01/07/04,30.28,30.63,30.28,30.63,97300,0.200637,1.69%,12.0499,,
77,01/06/04,30.52,30.73,30.12,30.12,103800,-0.212434,-1.76%,11.8493,,
78,01/05/04,30.80,31.15,30.55,30.66,91200,-0.011804,-0.10%,12.0617,,
79,01/02/04,30.90,31.10,30.65,30.69,73600,-0.027539,-0.23%,12.0735,,
80,01/01/04,,,,30.76,0,,0.00%,12.1011,,
81,12/31/03,31.70,31.80,30.76,30.76,73200,-0.401271,-3.21%,12.1011,,
82,12/30/03,31.56,31.90,31.56,31.78,74600,-0.031472,-0.25%,12.5023,,
83,12/29/03,31.35,31.86,31.31,31.86,57600,0.216371,1.76%,12.5338,,
84,12/26/03,31.37,31.38,31.29,31.31,13300,-0.023602,-0.19%,12.3174,,
85,12/25/03,,,,31.37,0,,0.00%,12.341,,
86,12/24/03,31.04,31.48,31.03,31.37,25200,0.03934,0.32%,12.341,,
87,12/23/03,30.64,31.27,30.53,31.27,75000,0.243906,2.02%,12.3017,,
88,12/22/03,30.63,30.79,30.53,30.65,68800,-0.051144,-0.42%,12.0578,,
89,12/19/03,30.63,31.00,30.38,30.78,84300,0.047215,0.39%,12.1089,,
90,12/18/03,30.30,30.86,29.96,30.66,79400,0.212038,1.79%,12.0617,,
91,12/17/03,29.95,30.29,29.83,30.121,135600,0.16956,1.45%,11.8497,,
92,12/16/03,29.85,30.13,29.55,29.69,143500,-0.062946,-0.54%,11.6801,,
93,12/15/03,30.78,31.46,29.85,29.85,84700,-0.330456,-2.74%,11.7431,,
94,12/12/03,29.94,30.72,29.61,30.69,56200,0.334391,2.85%,12.0735,,
95,12/11/03,29.06,30.03,29.06,29.84,116800,0.24391,2.12%,11.7391,,
96,12/10/03,29.70,30.06,29.10,29.22,258400,-0.216375,-1.85%,11.4952,,
97,12/09/03,30.45,30.56,29.75,29.77,80300,-0.287181,-2.39%,11.7116,,
98,12/08/03,30.30,30.54,30.09,30.50,80000,0.086547,0.73%,11.9988,,
99,12/05/03,30.50,30.55,30.10,30.28,96100,-0.102287,-0.85%,11.9122,,
100,12/04/03,31.06,31.06,30.35,30.54,83000,-0.141622,-1.17%,12.0145,,
101,12/03/03,31.35,31.59,30.86,30.90,126700,-0.275384,-2.22%,12.1561,,
102,12/02/03,31.55,31.65,31.39,31.60,52200,0.051147,0.41%,12.4315,,
103,12/01/03,30.68,31.61,30.68,31.47,56500,0.283249,2.34%,12.3804,,
104,11/28/03,30.93,31.10,30.65,30.75,42400,-0.086549,-0.71%,12.0971,,
105,11/27/03,,,,30.97,0,,0.00%,12.1837,,
106,11/26/03,30.94,31.15,30.69,30.97,89700,0.066878,0.55%,12.1837,,
107,11/25/03,30.30,31.22,30.30,30.80,185600,0.133755,1.12%,12.1168,,
108,11/24/03,29.65,30.46,29.59,30.46,128000,0.365867,3.15%,11.983,,
109,11/21/03,29.321,30.20,29.32,29.53,66200,0.003932,0.03%,11.6172,,
110,11/20/03,29.92,30.16,29.18,29.52,160700,-0.228174,-1.93%,11.6132,,
111,11/19/03,29.41,30.18,29.40,30.10,120500,0.263582,2.28%,11.8414,,
112,11/18/03,29.30,29.62,29.20,29.43,95500,0.067273,0.58%,11.5778,,
113,11/17/03,29.01,29.27,28.77,29.259,62200,0.090091,0.79%,11.5106,,
114,11/14/03,29.43,29.70,29.03,29.03,105100,-0.184903,-1.59%,11.4205,,
115,11/13/03,29.50,29.65,29.30,29.50,52700,-0.066877,-0.57%,11.6054,,
116,11/12/03,28.88,29.67,28.80,29.67,123600,0.377666,3.34%,11.6723,,
117,11/11/03,29.22,29.41,28.63,28.71,81700,-0.1967,-1.71%,11.2946,,
118,11/10/03,29.58,29.63,29.21,29.21,122100,-0.141625,-1.22%,11.4913,,
119,11/07/03,29.36,29.71,29.35,29.57,150600,0.110149,0.96%,11.6329,,
120,11/06/03,29.08,29.35,28.85,29.29,251300,0.125893,1.10%,11.5228,,
121,11/05/03,29.59,29.69,28.76,28.97,113100,-0.145721,-1.26%,11.3969,,
122,11/04/03,29.059,29.73,29.001,29.3404,103600,0.110312,0.96%,11.5426,,
123,11/03/03,27.90,29.12,27.78,29.06,129800,0.464217,4.23%,11.4323,,
124,10/31/03,28.50,28.51,27.87,27.88,107200,-0.141627,-1.27%,10.9681,,
125,10/30/03,28.02,28.35,27.96,28.24,74800,0.118018,1.07%,11.1097,,
126,10/29/03,27.54,27.94,27.46,27.94,172800,0.106222,0.98%,10.9917,,
127,10/28/03,26.83,27.82,26.799,27.67,227300,0.418657,4.00%,10.8854,,
128,10/27/03,26.36,27.001,26.15,26.83,201900,0.179453,1.74%,10.4668,,
129,10/24/03,26.35,26.50,26.15,26.37,199100,-0.058518,-0.57%,10.2873,,
130,10/23/03,25.93,26.72,25.85,26.52,372100,0.241872,2.39%,10.3459,,
131,10/22/03,25.84,26.40,25.391,25.90,188200,-0.031209,-0.31%,10.104,,
132,10/21/03,25.62,26.03,25.51,25.98,96000,0.202856,2.04%,10.1352,,
133,10/20/03,25.34,25.65,25.30,25.46,31900,0.042916,0.43%,9.9323,,
134,10/17/03,25.46,25.78,25.35,25.35,93200,-0.027308,-0.28%,9.8894,,
135,10/16/03,25.88,25.95,25.37,25.42,94200,-0.222366,-2.19%,9.9167,,
136,10/15/03,25.98,26.09,25.76,25.99,103400,-0.003903,-0.04%,10.1391,,
137,10/14/03,25.81,26.25,25.50,26.00,232100,0.070222,0.70%,10.143,,
138,10/13/03,25.31,25.87,25.31,25.82,78400,0.124836,1.25%,10.0728,,
139,10/10/03,25.30,25.50,25.10,25.50,170900,0.078023,0.79%,9.9479,,
140,10/09/03,24.52,25.47,24.52,25.30,322000,0.253576,2.64%,9.8699,,
141,10/08/03,24.66,24.75,24.44,24.65,124500,-0.023409,-0.24%,9.6163,,
142,10/07/03,24.39,24.75,23.78,24.71,121300,0.109234,1.15%,9.6397,,
143,10/06/03,24.20,24.45,24.09,24.43,64500,0.007804,0.08%,9.5305,,
144,10/03/03,24.50,24.65,24.10,24.41,147600,0.113131,1.20%,9.5227,,
145,10/02/03,23.94,24.44,23.78,24.12,109200,0.015604,0.17%,9.4096,,
146,10/01/03,23.02,24.09,23.02,24.08,99800,0.421328,4.70%,9.394,,
147,09/30/03,23.46,23.56,23.00,23.00,274900,-0.234073,-2.54%,8.9726,,
148,09/29/03,23.30,23.67,23.30,23.60,113200,0.117037,1.29%,9.2067,,
149,09/26/03,23.30,23.56,23.19,23.30,89100,0.062418,0.69%,9.0897,,
150,09/25/03,23.54,23.996,23.14,23.14,157200,-0.156048,-1.70%,9.0273,,
1,09/24/03,24.45,24.52,23.54,23.54,53200,-0.397917,-4.15%,9.1833,,
2,09/23/03,23.811,24.73,23.81,24.56,127100,0.292587,3.15%,9.5812,,
3,09/22/03,24.28,24.48,23.81,23.81,64300,-0.245771,-2.58%,9.2886,,
4,09/19/03,24.40,24.64,24.16,24.44,82100,-0.062419,-0.65%,9.5344,,
5,09/18/03,23.79,24.60,23.79,24.60,109900,0.292586,3.14%,9.5968,,
6,09/17/03,23.759,23.95,23.53,23.85,73100,0.046813,0.51%,9.3042,,
7,09/16/03,23.08,23.79,23.08,23.73,378700,0.257473,2.86%,9.2574,,
8,09/15/03,23.15,23.31,23.06,23.07,127000,-0.081921,-0.90%,9.00,,
9,09/12/03,23.11,23.28,23.05,23.28,87700,0.027308,0.30%,9.0819,,
10,09/11/03,23.21,23.35,23.15,23.21,92600,0.042913,0.48%,9.0546,,
11,09/10/03,23.45,23.56,23.10,23.10,71200,-0.179453,-1.95%,9.0117,,
12,09/09/03,24.00,24.19,23.46,23.56,40500,-0.128739,-1.38%,9.1911,,
13,09/08/03,23.47,24.21,23.47,23.89,69200,0.152145,1.66%,9.3199,,
14,09/05/03,24.05,24.06,23.35,23.50,82900,-0.280883,-2.97%,9.1677,,
15,09/04/03,24.12,24.46,24.01,24.22,74000,-0.035111,-0.37%,9.4486,,
16,09/03/03,23.79,24.31,23.79,24.31,64800,0.198959,2.14%,9.4837,,
17,09/02/03,23.70,24.15,23.70,23.80,181200,-0.0039,-0.04%,9.2847,,
18,09/01/03,,,,23.81,0,,0.00%,9.2886,,
19,08/29/03,23.90,24.00,23.66,23.81,86600,-0.074121,-0.79%,9.2886,,
20,08/28/03,24.34,24.35,23.95,24.00,94300,-0.085827,-0.91%,9.3628,,
21,08/27/03,24.30,24.33,23.95,24.22,124500,0.011706,0.12%,9.4486,,
22,08/26/03,23.67,24.33,23.331,24.19,117400,0.085824,0.92%,9.4369,,
23,08/25/03,23.80,24.03,23.56,23.97,39900,0.042912,0.46%,9.3511,,
24,08/22/03,24.786,24.79,23.74,23.86,277800,-0.347202,-3.60%,9.3082,,
25,08/21/03,24.77,24.86,24.50,24.75,58700,0.019505,0.20%,9.6554,,
26,08/20/03,24.75,24.85,24.64,24.70,76500,-0.023409,-0.24%,9.6358,,
27,08/19/03,24.85,25.09,24.55,24.76,132600,-0.054614,-0.56%,9.6593,,
28,08/18/03,24.77,25.05,24.75,24.90,44300,-0.011701,-0.12%,9.7139,,
29,08/15/03,25.00,25.00,24.891,24.93,34800,-0.023409,-0.24%,9.7256,,
30,08/14/03,24.95,25.00,24.77,24.99,56600,0.015609,0.16%,9.749,,
31,08/13/03,24.80,25.00,24.60,24.95,83200,0.023404,0.24%,9.7334,,
32,08/12/03,24.71,24.90,24.71,24.89,60200,0.078022,0.81%,9.71,,
33,08/11/03,24.14,24.79,24.14,24.69,69600,0.171649,1.81%,9.6319,,
34,08/08/03,24.29,24.34,24.15,24.25,97000,0.027311,0.29%,9.4603,,
35,08/07/03,24.47,24.47,24.08,24.18,160500,-0.046813,-0.49%,9.433,,
36,08/06/03,23.859,24.50,23.77,24.30,199000,0.124833,1.33%,9.4798,,
37,08/05/03,24.25,24.34,23.70,23.98,238000,-0.132636,-1.40%,9.355,,
38,08/04/03,24.56,24.64,24.00,24.32,188300,-0.132638,-1.38%,9.4876,,
39,08/01/03,25.00,25.00,24.59,24.66,253400,-0.054619,-0.56%,9.6202,,
40,07/31/03,25.01,25.59,24.80,24.80,102800,-0.062417,-0.64%,9.6749,,
41,07/30/03,24.75,25.09,24.75,24.96,79100,0.035108,0.36%,9.7373,,
42,07/29/03,24.70,24.89,24.68,24.87,92000,0.075761,0.79%,9.7022,,
43,07/28/03,24.85,25.10,24.74,24.90,148500,-0.003868,-0.04%,9.6264,,
44,07/25/03,24.80,25.10,24.78,24.91,102300,-0.027062,-0.28%,9.6303,,
45,07/24/03,25.70,25.70,24.80,24.98,155800,-0.224227,-2.27%,9.6573,,
46,07/23/03,25.99,25.99,25.30,25.56,154600,-0.069588,-0.70%,9.8816,,
47,07/22/03,25.84,25.95,24.77,25.74,457600,-0.340212,-3.31%,9.9512,,
48,07/21/03,26.78,26.78,26.26,26.62,105400,-0.003866,-0.04%,10.2914,,
49,07/18/03,26.63,26.92,26.46,26.63,67100,0.085054,0.83%,10.2952,,
50,07/17/03,27.15,27.28,26.41,26.41,104700,-0.297682,-2.83%,10.2102,,
51,07/16/03,27.58,28.00,27.18,27.18,123700,-0.127579,-1.20%,10.5079,,
52,07/15/03,27.26,27.75,27.26,27.51,161200,0.096647,0.92%,10.6354,,
53,07/14/03,27.00,27.55,26.89,27.26,45700,0.18557,1.79%,10.5388,,
54,07/11/03,26.23,27.10,26.23,26.78,87900,0.21263,2.10%,10.3532,,
55,07/10/03,26.80,26.80,26.08,26.23,136200,-0.29382,-2.82%,10.1406,,
56,07/09/03,27.51,27.51,26.96,26.99,192100,-0.166235,-1.57%,10.4344,,
57,07/08/03,26.76,27.60,26.70,27.42,160500,0.085052,0.81%,10.6006,,
58,07/07/03,26.66,27.46,26.47,27.20,92200,0.282222,2.76%,10.5156,,
59,07/04/03,,,,26.47,0,,0.00%,10.2334,,
60,07/03/03,26.58,26.77,26.38,26.47,31300,-0.054127,-0.53%,10.2334,,
61,07/02/03,25.45,26.95,25.44,26.61,119700,0.37114,3.74%,10.2875,,
62,07/01/03,25.50,25.93,25.27,25.65,91900,0.119847,1.22%,9.9164,,
63,06/30/03,25.75,25.81,25.10,25.34,255700,-0.193301,-1.93%,9.7965,,
64,06/27/03,25.17,26.04,25.16,25.84,109100,0.220363,2.26%,9.9898,,
65,06/26/03,25.19,25.48,25.0209,25.27,42700,0.054124,0.56%,9.7694,,
66,06/25/03,25.16,25.16,24.72,25.13,51300,0.027064,0.28%,9.7153,,
67,06/24/03,24.78,25.34,24.63,25.06,80800,0.023193,0.24%,9.6883,,
68,06/23/03,25.08,25.24,24.75,25.00,102100,-0.127576,-1.30%,9.6651,,
69,06/20/03,25.57,25.76,25.06,25.33,207100,-0.112119,-1.13%,9.7926,,
70,06/19/03,25.87,26.09,25.59,25.62,97400,-0.139174,-1.39%,9.9048,,
71,06/18/03,26.03,26.24,25.77,25.98,91200,-0.054124,-0.54%,10.0439,,
72,06/17/03,26.13,26.34,26.00,26.12,156600,-0.069589,-0.68%,10.0981,,
73,06/16/03,25.41,26.30,25.40,26.30,106100,0.328611,3.34%,10.1676,,
74,06/13/03,25.36,25.65,25.31,25.45,93300,-0.019329,-0.20%,9.839,,
75,06/12/03,25.47,25.60,25.31,25.50,45500,0.069588,0.71%,9.8584,,
76,06/11/03,25.24,25.69,25.11,25.32,97900,0.035178,0.36%,9.7888,,
77,06/10/03,24.54,25.24,24.54,25.229,102000,0.293434,3.10%,9.7536,,
78,06/09/03,24.66,24.90,24.47,24.47,77100,-0.088917,-0.93%,9.4602,,
79,06/06/03,25.00,25.36,24.69,24.70,115000,-0.100131,-1.04%,9.5491,,
80,06/05/03,25.26,25.28,24.93,24.959,133000,-0.1241,-1.27%,9.6492,,
81,06/04/03,25.00,25.55,25.00,25.28,138600,0.050263,0.52%,9.7733,,
82,06/03/03,25.02,25.30,25.00,25.15,94100,-0.011599,-0.12%,9.7231,,
83,06/02/03,25.21,25.45,25.02,25.18,121200,-0.077322,-0.79%,9.7347,,
84,05/30/03,25.20,25.60,25.20,25.38,91700,-0.015463,-0.16%,9.812,,
85,05/29/03,25.15,25.47,24.92,25.42,107600,0.046389,0.47%,9.8274,,
86,05/28/03,25.14,25.37,25.01,25.30,43200,0.112115,1.16%,9.781,,
87,05/27/03,24.74,25.485,24.68,25.01,180900,0.104383,1.09%,9.6689,,
88,05/26/03,,,,24.74,0,,0.00%,9.5645,,
89,05/23/03,24.90,24.90,24.56,24.74,30300,-0.03866,-0.40%,9.5645,,
90,05/22/03,24.38,24.87,24.22,24.84,115400,0.143042,1.51%,9.6032,,
91,05/21/03,23.95,24.64,23.95,24.47,91200,0.08892,0.95%,9.4602,,
92,05/20/03,23.55,24.24,23.55,24.24,123800,0.247423,2.71%,9.3712,,
93,05/19/03,24.01,24.10,23.55,23.60,122400,-0.189432,-2.03%,9.1238,,
94,05/16/03,24.83,25.12,24.01,24.09,182300,-0.34021,-3.52%,9.3133,,
95,05/15/03,24.99,25.34,24.59,24.97,153100,-0.054125,-0.56%,9.6535,,
96,05/14/03,25.05,25.34,24.85,25.11,112900,0.030923,0.32%,9.7076,,
97,05/13/03,25.00,25.07,24.62,25.03,236400,0.011601,0.12%,9.6767,,
98,05/12/03,25.35,25.35,24.80,25.00,118200,-0.135311,-1.38%,9.6651,,
99,05/09/03,24.86,25.75,24.69,25.35,403800,0.193301,2.01%,9.8004,,
100,05/08/03,24.45,25.20,24.24,24.85,241500,0.096653,1.02%,9.6071,,
101,05/07/03,23.99,24.70,23.64,24.60,269900,0.243555,2.63%,9.5104,,
102,05/06/03,23.45,24.00,23.36,23.97,101500,0.224233,2.48%,9.2669,,
103,05/05/03,23.40,23.59,23.02,23.39,74900,-0.061858,-0.68%,9.0426,,
104,05/02/03,23.21,23.58,23.21,23.55,119200,0.115983,1.29%,9.1045,,
105,05/01/03,23.05,23.66,23.04,23.25,119800,0.073454,0.82%,8.9885,,
106,04/30/03,22.95,23.29,22.90,23.06,106900,-0.003865,-0.04%,8.9151,,
107,04/29/03,23.04,23.49,22.91,23.07,87600,0.030928,0.35%,8.9189,,
108,04/28/03,22.68,23.23,22.68,22.99,109500,0.171897,1.97%,8.888,,
109,04/25/03,23.36,23.49,22.69,22.73,134200,-0.283761,-3.15%,8.7161,,
110,04/24/03,23.64,23.73,23.37,23.47,71000,-0.034897,-0.39%,8.9999,,
111,04/23/03,23.54,23.78,23.54,23.561,220900,-0.018786,-0.21%,9.0348,,
112,04/22/03,23.82,23.86,23.00,23.61,288800,0.053683,0.60%,9.0535,,
113,04/21/03,23.51,23.55,23.35,23.47,36000,0.011502,0.13%,8.9999,,
114,04/18/03,,,,23.44,0,,0.00%,8.9884,,
115,04/17/03,23.24,23.50,23.02,23.44,59000,0.088197,0.99%,8.9884,,
116,04/16/03,23.34,23.36,23.18,23.21,67500,-0.015339,-0.17%,8.9002,,
117,04/15/03,23.00,23.34,22.94,23.25,71100,0.115039,1.31%,8.9155,,
118,04/14/03,22.50,23.05,22.50,22.95,83800,0.12271,1.41%,8.8005,,
119,04/11/03,22.84,23.00,22.58,22.63,69400,-0.080529,-0.92%,8.6777,,
120,04/10/03,22.59,23.00,22.501,22.84,119100,0.092027,1.06%,8.7583,,
121,04/09/03,22.95,22.95,22.28,22.60,282300,-0.191728,-2.16%,8.6663,,
122,04/08/03,23.10,23.28,22.99,23.10,92100,-0.019172,-0.22%,8.858,,
123,04/07/03,23.45,23.85,23.08,23.15,92800,-0.061351,-0.69%,8.8772,,
124,04/04/03,23.05,23.33,22.95,23.31,177200,0.153379,1.75%,8.9385,,
125,04/03/03,23.20,23.35,22.90,22.91,123200,-0.141877,-1.59%,8.7851,,
126,04/02/03,23.20,23.47,22.98,23.28,103300,0.030679,0.34%,8.927,,
127,04/01/03,22.83,23.29,22.83,23.20,80800,0.141876,1.62%,8.8963,,
128,03/31/03,22.68,22.90,22.49,22.83,114100,-0.03834,-0.44%,8.7544,,
129,03/28/03,22.45,22.94,22.45,22.93,100300,0.184058,2.14%,8.7928,,
130,03/27/03,22.52,22.68,22.45,22.45,61800,-0.038347,-0.44%,8.6087,,
131,03/26/03,22.90,22.90,22.55,22.55,91700,-0.134213,-1.53%,8.6471,,
132,03/25/03,22.85,23.00,22.85,22.90,45700,0.015342,0.18%,8.7813,,
133,03/24/03,23.11,23.19,22.67,22.86,55300,-0.18023,-2.01%,8.7659,,
134,03/21/03,23.37,23.49,23.08,23.33,215300,0.030677,0.34%,8.9462,,
135,03/20/03,22.95,23.27,22.78,23.25,129700,0.138048,1.57%,8.9155,,
136,03/19/03,22.85,22.97,22.84,22.89,132600,-0.023009,-0.26%,8.7774,,
137,03/18/03,23.00,23.09,22.80,22.95,121700,0.026846,0.31%,8.8005,,
138,03/17/03,21.90,22.88,21.90,22.88,163800,0.356616,4.24%,8.7736,,
139,03/14/03,22.19,22.19,21.85,21.95,66600,-0.092029,-1.08%,8.417,,
140,03/13/03,21.79,22.19,21.70,22.19,123500,0.176392,2.12%,8.509,,
141,03/12/03,21.79,21.81,21.53,21.73,149400,-0.046018,-0.55%,8.3326,,
142,03/11/03,21.67,22.00,21.67,21.85,73500,0.038349,0.46%,8.3787,,
143,03/10/03,21.88,22.00,21.65,21.75,132200,-0.042184,-0.50%,8.3403,,
144,03/07/03,21.58,21.93,21.58,21.86,110400,0.061355,0.74%,8.3825,,
145,03/06/03,21.74,21.85,21.62,21.70,127800,-0.015338,-0.18%,8.3211,,
146,03/05/03,21.73,21.85,21.57,21.74,168900,0.030675,0.37%,8.3365,,
147,03/04/03,21.94,22.18,21.56,21.66,293500,-0.153379,-1.81%,8.3058,,
148,03/03/03,21.53,22.18,21.47,22.06,325400,0.230075,2.80%,8.4592,,
149,02/28/03,20.95,21.72,20.93,21.46,186700,0.149552,1.85%,8.2291,,
150,02/27/03,20.54,21.17,20.41,21.07,170700,0.287594,3.69%,8.0795,,
1,02/26/03,20.72,20.76,20.32,20.32,148500,-0.180222,-2.26%,7.792,,
2,02/25/03,20.35,20.84,20.28,20.79,127300,0.149546,1.91%,7.9722,,
3,02/24/03,20.98,21.00,20.40,20.40,240500,-0.20707,-2.58%,7.8226,,
4,02/21/03,20.75,20.99,20.65,20.94,170900,0.111205,1.40%,8.0297,,
5,02/20/03,20.74,20.81,20.55,20.65,131500,0.023007,0.29%,7.9185,,
6,02/19/03,20.64,20.76,20.52,20.59,203100,-0.030677,-0.39%,7.8955,,
7,02/18/03,20.60,20.78,20.38,20.67,142300,-0.042182,-0.53%,7.9262,,
8,02/17/03,,,,20.78,0,,0.00%,7.9683,,
9,02/14/03,20.30,20.78,20.30,20.78,136000,0.145717,1.86%,7.9683,,
10,02/13/03,20.04,20.67,20.04,20.40,171700,0.126543,1.64%,7.8226,,
11,02/12/03,20.27,20.47,20.06,20.07,100000,-0.072862,-0.94%,7.6961,,
12,02/11/03,20.21,20.45,20.09,20.26,138600,-0.053681,-0.69%,7.7689,,
13,02/10/03,19.77,20.40,19.60,20.40,253900,0.237748,3.13%,7.8226,,
14,02/07/03,20.14,20.30,19.65,19.78,250100,-0.191736,-2.47%,7.5849,,
15,02/06/03,19.95,20.34,19.76,20.28,319400,0.203239,2.68%,7.7766,,
16,02/05/03,19.98,20.24,19.64,19.75,127900,-0.030676,-0.40%,7.5734,,
17,02/04/03,19.66,20.02,19.66,19.83,229900,0.026836,0.35%,7.6041,,
18,02/03/03,19.84,20.26,19.67,19.76,217400,0.011509,0.15%,7.5772,,
19,01/31/03,19.20,19.87,19.14,19.73,176200,0.22624,3.08%,7.5657,,
20,01/30/03,19.44,19.64,19.13,19.14,94700,0.034515,0.47%,7.3395,,
21,01/29/03,19.02,19.10,18.60,19.05,294800,0.00,0.00%,7.305,,
22,01/28/03,19.02,19.10,18.60,19.05,294600,0.09764,1.35%,7.305,,
23,01/27/03,19.15,19.20,18.98,18.98,264800,-0.102525,-1.40%,7.2073,,
24,01/24/03,19.85,20.00,19.25,19.25,220000,-0.11392,-1.53%,7.3098,,
25,01/23/03,19.32,19.60,19.32,19.55,56200,0.091135,1.24%,7.4238,,
26,01/22/03,19.72,19.72,19.23,19.31,68300,-0.148093,-1.98%,7.3326,,
27,01/21/03,19.91,20.03,19.69,19.70,53400,-0.068348,-0.91%,7.4807,,
28,01/20/03,,,,19.88,0,,0.00%,7.5491,,
29,01/17/03,20.11,20.18,19.75,19.88,232300,-0.018995,-0.25%,7.5491,,
30,01/16/03,19.90,20.29,19.90,19.93,129400,-0.007593,-0.10%,7.5681,,
31,01/15/03,20.09,20.09,19.80,19.95,405800,-0.056959,-0.75%,7.5757,,
32,01/14/03,20.08,20.24,19.90,20.10,183400,0.049366,0.65%,7.6326,,
33,01/13/03,20.04,20.17,19.95,19.97,89600,0.026583,0.35%,7.5832,,
34,01/10/03,20.10,20.28,19.90,19.90,208600,-0.113924,-1.49%,7.5567,,
35,01/09/03,20.08,20.34,19.95,20.20,121900,0.087341,1.15%,7.6706,,
36,01/08/03,20.28,20.54,19.91,19.97,154800,-0.022784,-0.30%,7.5832,,
37,01/07/03,20.49,20.84,20.03,20.03,145200,-0.201259,-2.58%,7.606,,
38,01/06/03,20.00,20.86,20.00,20.56,287500,0.159486,2.09%,7.8073,,
39,01/03/03,19.85,20.42,19.49,20.14,299200,0.129111,1.72%,7.6478,,
40,01/02/03,19.15,19.84,19.15,19.80,441400,0.246828,3.39%,7.5187,,
41,01/01/03,,,,19.15,0,,0.00%,7.2719,,
42,12/31/02,19.44,19.67,19.09,19.15,216100,-0.075949,-1.03%,7.2719,,
43,12/30/02,19.17,19.77,19.00,19.35,229900,0.091135,1.26%,7.3478,,
44,12/27/02,19.22,19.36,18.94,19.11,313700,-0.045567,-0.62%,7.2567,,
45,12/26/02,19.32,19.65,19.20,19.23,331900,-0.045568,-0.62%,7.3022,,
46,12/25/02,,,,19.35,0,,0.00%,7.3478,,
47,12/24/02,19.53,19.73,19.25,19.35,55700,-0.148095,-1.98%,7.3478,,
48,12/23/02,19.75,20.34,19.54,19.74,166900,-0.102527,-1.35%,7.4959,,
49,12/20/02,19.50,20.03,19.40,20.01,296500,0.326571,4.49%,7.5984,,
50,12/19/02,19.40,19.70,19.11,19.15,87300,-0.140503,-1.90%,7.2719,,
51,12/18/02,19.98,19.98,19.38,19.52,118600,-0.178476,-2.35%,7.4124,,
52,12/17/02,19.99,20.17,19.89,19.99,75800,-0.011387,-0.15%,7.5908,,
53,12/16/02,19.99,20.14,19.60,20.02,217800,0.045567,0.60%,7.6022,,
54,12/13/02,20.11,20.19,19.90,19.90,61500,-0.083543,-1.09%,7.5567,,
55,12/12/02,20.40,20.42,20.02,20.12,85700,-0.072148,-0.94%,7.6402,,
56,12/11/02,20.40,20.71,20.17,20.31,71200,-0.037977,-0.49%,7.7124,,
57,12/10/02,20.03,20.44,20.03,20.41,156500,0.151896,2.00%,7.7503,,
58,12/09/02,20.03,20.26,19.97,20.01,67900,-0.060758,-0.79%,7.5984,,
59,12/06/02,20.10,20.45,20.01,20.17,74400,0.022784,0.30%,7.6592,,
60,12/05/02,20.31,20.56,19.99,20.11,72400,-0.110123,-1.42%,7.6364,,
61,12/04/02,20.20,20.84,20.00,20.40,68700,0.022782,0.29%,7.7465,,
62,12/03/02,20.39,20.68,20.11,20.34,50900,-0.018983,-0.25%,7.7238,,
63,12/02/02,20.83,20.90,20.20,20.39,93400,-0.037973,-0.49%,7.7427,,
64,11/29/02,20.97,21.21,20.45,20.49,42100,-0.239234,-2.98%,7.7807,,
65,11/28/02,,,,21.12,0,,0.00%,8.0199,,
66,11/27/02,20.85,21.25,20.59,21.12,62000,0.208852,2.67%,8.0199,,
67,11/26/02,20.88,21.21,20.30,20.57,226700,-0.186068,-2.33%,7.8111,,
68,11/25/02,20.87,21.12,20.71,21.06,91700,0.053162,0.67%,7.9972,,
69,11/22/02,20.65,20.92,20.50,20.92,136200,0.098733,1.26%,7.944,,
70,11/21/02,20.25,21.38,20.24,20.66,149500,0.182273,2.38%,7.8453,,
71,11/20/02,19.66,20.21,19.66,20.18,149100,0.132906,1.77%,7.663,,
72,11/19/02,20.04,20.12,19.20,19.83,163600,-0.10253,-1.34%,7.5301,,
73,11/18/02,20.54,20.66,19.83,20.10,128800,-0.159487,-2.05%,7.6326,,
74,11/15/02,20.64,20.89,20.44,20.52,64100,-0.136704,-1.72%,7.7921,,
75,11/14/02,20.19,21.01,20.11,20.88,95100,0.292394,3.83%,7.9288,,
76,11/13/02,20.35,20.40,19.91,20.11,108400,-0.132908,-1.71%,7.6364,,
77,11/12/02,20.50,20.81,20.29,20.46,90000,0.09114,1.19%,7.7693,,
78,11/11/02,20.65,20.77,20.22,20.22,55100,-0.205057,-2.60%,7.6782,,
79,11/08/02,20.82,21.20,20.65,20.76,133000,-0.034179,-0.43%,7.8832,,
80,11/07/02,21.76,21.85,20.85,20.85,121800,-0.37973,-4.58%,7.9174,,
81,11/06/02,22.12,22.12,21.75,21.85,95500,-0.060759,-0.73%,8.2971,,
82,11/05/02,21.70,22.17,21.70,22.01,102000,0.079749,0.96%,8.3579,,
83,11/04/02,21.65,22.13,21.60,21.80,162700,0.075942,0.93%,8.2782,,
84,11/01/02,21.00,21.60,21.00,21.60,137600,0.227839,2.86%,8.2022,,
85,10/31/02,20.79,21.17,20.74,21.00,159500,0.087338,1.11%,7.9744,,
86,10/30/02,20.51,20.88,20.40,20.77,155300,0.102528,1.32%,7.887,,
87,10/29/02,20.81,21.07,20.45,20.50,246300,-0.061416,-0.78%,7.7845,,
88,10/28/02,21.97,22.11,20.81,20.82,207300,-0.358008,-4.36%,7.8459,,
89,10/25/02,21.50,21.98,21.21,21.77,70500,0.101751,1.26%,8.2039,,
90,10/24/02,22.14,22.40,21.50,21.50,247800,-0.169581,-2.05%,8.1022,,
91,10/23/02,21.46,22.17,21.40,21.95,375100,0.05653,0.69%,8.2718,,
92,10/22/02,22.20,22.91,21.36,21.80,182900,-0.278871,-3.28%,8.2152,,
93,10/21/02,22.56,22.62,20.76,22.54,429700,-0.124359,-1.44%,8.4941,,
94,10/18/02,22.59,23.03,22.28,22.87,78700,0.101747,1.19%,8.6185,,
95,10/17/02,21.69,22.64,21.56,22.60,115300,0.365543,4.48%,8.5167,,
96,10/16/02,20.74,21.66,20.71,21.63,213500,0.237409,3.00%,8.1512,,
97,10/15/02,20.76,21.75,20.75,21.00,151000,0.229884,2.99%,7.9138,,
98,10/14/02,21.31,21.35,20.31,20.39,131800,-0.260026,-3.27%,7.6839,,
99,10/11/02,20.33,21.73,20.04,21.08,257200,0.301475,3.94%,7.9439,,
100,10/10/02,19.20,20.48,19.00,20.28,134900,0.482362,6.74%,7.6424,,
101,10/09/02,19.83,19.85,18.95,19.00,243400,-0.358005,-4.76%,7.1601,,
102,10/08/02,19.51,20.48,19.26,19.95,241900,0.207264,2.84%,7.5181,,
103,10/07/02,20.03,20.33,19.28,19.40,162400,-0.252486,-3.34%,7.3108,,
104,10/04/02,20.47,20.66,19.95,20.07,363400,-0.09044,-1.18%,7.5633,,
105,10/03/02,21.31,21.45,20.25,20.31,176100,-0.380614,-4.74%,7.6537,,
106,10/02/02,22.01,22.09,21.12,21.32,316200,-0.286406,-3.44%,8.0343,,
107,10/01/02,21.40,22.56,21.25,22.08,240600,0.248721,3.08%,8.3208,,
108,09/30/02,20.83,22.12,20.44,21.42,276000,0.203498,2.59%,8.072,,
109,09/27/02,21.26,22.04,20.88,20.88,83300,-0.173352,-2.16%,7.8685,,
110,09/26/02,21.09,21.77,20.97,21.34,195700,0.101747,1.28%,8.0419,,
111,09/25/02,20.76,22.16,20.75,21.07,433400,0.060296,0.77%,7.9401,,
112,09/24/02,20.26,21.22,20.15,20.91,406100,0.252492,3.31%,7.8798,,
113,09/23/02,20.19,20.78,20.05,20.24,362000,-0.226111,-2.88%,7.6274,,
114,09/20/02,20.40,20.95,20.05,20.84,370600,0.316548,4.20%,7.8535,,
115,09/19/02,20.00,20.74,19.93,20.00,487300,-0.429601,-5.39%,7.5369,,
116,09/18/02,21.15,21.31,20.27,21.14,1212400,-0.444677,-5.29%,7.9665,,
117,09/17/02,21.57,22.84,21.56,22.32,445000,0.335389,4.15%,8.4112,,
118,09/16/02,21.85,22.10,21.28,21.43,385600,-0.275096,-3.29%,8.0758,,
119,09/13/02,22.25,22.51,21.90,22.16,347600,-0.015075,-0.18%,8.3509,,
120,09/12/02,23.09,23.09,22.20,22.20,198600,-0.354235,-4.06%,8.366,,
121,09/11/02,22.90,23.30,22.76,23.14,232400,0.03015,0.35%,8.7202,,
122,09/10/02,24.34,24.35,22.80,23.06,1255300,-0.553965,-5.99%,8.6901,,
123,09/09/02,25.45,25.55,24.50,24.53,654900,-0.444676,-4.59%,9.244,,
124,09/06/02,26.05,26.18,25.41,25.71,130400,-0.060297,-0.62%,9.6887,,
125,09/05/02,25.49,26.05,25.20,25.87,122800,0.064066,0.66%,9.749,,
126,09/04/02,25.16,25.74,25.10,25.70,191000,0.192188,2.02%,9.6849,,
127,09/03/02,25.60,25.98,25.19,25.19,203900,-0.267559,-2.74%,9.4927,,
128,09/02/02,,,,25.90,0,,0.00%,9.7603,,
129,08/30/02,25.86,26.20,25.60,25.90,89300,-0.067829,-0.69%,9.7603,,
130,08/29/02,25.15,26.12,25.00,26.08,142000,0.30901,3.25%,9.8281,,
131,08/28/02,25.46,25.55,25.20,25.26,291900,-0.158272,-1.64%,9.5191,,
132,08/27/02,25.99,26.25,25.65,25.68,196800,-0.101751,-1.04%,9.6774,,
133,08/26/02,26.30,26.50,25.95,25.95,78300,-0.071599,-0.73%,9.7791,,
134,08/23/02,26.98,26.98,26.00,26.14,237900,-0.316551,-3.11%,9.8507,,
135,08/22/02,26.90,27.00,26.18,26.98,126700,0.030146,0.30%,10.1673,,
136,08/21/02,26.90,27.15,26.58,26.90,155600,0.045225,0.45%,10.1371,,
137,08/20/02,26.96,27.10,26.00,26.78,482000,-0.116823,-1.14%,10.0919,,
138,08/19/02,26.47,27.53,26.25,27.09,362600,0.256252,2.57%,10.2087,,
139,08/16/02,26.35,26.55,25.91,26.41,204700,0.154508,1.58%,9.9525,,
140,08/15/02,26.46,26.55,25.70,26.00,129000,-0.203496,-2.03%,9.798,,
141,08/14/02,25.85,26.72,24.50,26.54,211200,0.320319,3.31%,10.0015,,
142,08/13/02,26.30,26.65,25.60,25.69,164000,-0.218571,-2.21%,9.6812,,
143,08/12/02,25.95,26.47,25.63,26.27,163900,0.097982,1.00%,9.8997,,
144,08/09/02,26.44,26.65,25.93,26.01,205000,-0.192194,-1.92%,9.8018,,
145,08/08/02,25.20,26.53,25.20,26.52,247300,0.4183,4.37%,9.9939,,
146,08/07/02,25.40,25.50,24.67,25.41,234500,0.135664,1.44%,9.5756,,
147,08/06/02,24.35,25.10,24.30,25.05,242100,0.278862,3.04%,9.44,,
148,08/05/02,23.80,24.45,23.50,24.31,263200,0.113055,1.25%,9.1611,,
149,08/02/02,24.91,24.91,22.81,24.01,875000,-0.43714,-4.61%,9.0481,,
150,08/01/02,25.55,26.00,25.17,25.17,336600,-0.218571,-2.25%,9.4852,,
1,07/31/02,27.08,27.10,25.10,25.75,814400,-0.467288,-4.59%,9.7038,,
2,07/30/02,26.35,27.00,25.28,26.99,1084500,0.584112,6.09%,10.1711,,
3,07/29/02,24.11,25.94,24.08,25.44,519500,0.583452,6.48%,9.587,,
4,07/26/02,23.49,24.10,23.38,24.05,280400,0.18718,2.12%,9.0035,,
5,07/25/02,22.95,23.90,22.39,23.55,392000,0.20216,2.35%,8.8163,,
6,07/24/02,21.55,23.07,20.20,23.01,368700,0.475444,5.84%,8.6142,,
7,07/23/02,22.73,22.75,21.55,21.74,129400,-0.321955,-3.81%,8.1387,,
8,07/22/02,22.60,22.95,22.50,22.60,302800,-0.082361,-0.96%,8.4607,,
9,07/19/02,22.80,23.09,21.65,22.82,229500,-0.033695,-0.39%,8.543,,
10,07/18/02,24.16,25.14,22.90,22.91,263300,-0.464211,-5.13%,8.5767,,
11,07/17/02,24.35,24.50,23.32,24.15,227100,-0.041179,-0.45%,9.0409,,
12,07/16/02,24.80,24.85,24.10,24.26,99400,-0.183438,-1.98%,9.0821,,
13,07/15/02,25.12,25.12,23.84,24.75,185700,-0.05616,-0.60%,9.2656,,
14,07/12/02,25.10,25.18,24.90,24.90,141400,-0.067382,-0.72%,9.3217,,
15,07/11/02,25.34,25.60,25.00,25.08,228500,-0.157234,-1.65%,9.3891,,
16,07/10/02,24.95,25.90,24.75,25.50,615700,0.224616,2.41%,9.5463,,
17,07/09/02,24.09,24.90,23.97,24.90,426500,0.262059,2.89%,9.3217,,
18,07/08/02,23.71,24.33,23.48,24.20,113300,0.232107,2.63%,9.0597,,
19,07/05/02,23.23,23.92,23.10,23.58,38300,0.175952,2.03%,8.8275,,
20,07/04/02,,,,23.11,0,,0.00%,8.6516,,
21,07/03/02,24.40,24.57,22.76,23.11,139000,-0.411802,-4.54%,8.6516,,
22,07/02/02,22.82,24.52,22.65,24.21,328000,0.509138,5.95%,9.0634,,
23,07/01/02,22.67,23.19,22.45,22.85,213200,0.0599,0.71%,8.5543,,
24,06/28/02,22.42,23.71,22.42,22.69,416400,0.03369,0.40%,8.4944,,
25,06/27/02,22.56,23.00,22.25,22.60,200600,-0.059898,-0.70%,8.4607,,
26,06/26/02,21.30,22.85,20.81,22.76,293500,0.464217,5.76%,8.5206,,
27,06/25/02,22.45,22.98,21.20,21.52,227500,-0.423037,-4.99%,8.0564,,
28,06/24/02,22.65,23.10,21.90,22.65,247200,0.052414,0.62%,8.4794,,
29,06/21/02,23.49,23.95,22.50,22.51,677400,-0.363137,-4.13%,8.427,,
30,06/20/02,23.14,24.07,23.13,23.48,169600,0.05241,0.60%,8.7901,,
31,06/19/02,23.90,23.90,22.89,23.34,178400,-0.082358,-0.93%,8.7377,,
32,06/18/02,23.45,24.10,23.37,23.56,140500,0.101075,1.16%,8.8201,,
33,06/17/02,22.79,23.52,22.79,23.29,191500,0.190927,2.24%,8.719,,
34,06/14/02,22.45,23.00,22.10,22.78,158300,0.160978,1.92%,8.5281,,
35,06/13/02,22.18,22.64,22.13,22.35,148200,0.063643,0.77%,8.3671,,
36,06/12/02,22.10,22.50,22.07,22.18,87900,-0.007489,-0.09%,8.3034,,
37,06/11/02,21.76,22.30,21.70,22.20,115600,0.175957,2.16%,8.3109,,
38,06/10/02,22.04,22.42,21.73,21.73,129000,-0.10108,-1.23%,8.135,,
39,06/07/02,22.45,22.77,21.85,22.00,274300,-0.205903,-2.44%,8.236,,
40,06/06/02,22.38,22.70,22.23,22.55,92800,0.067384,0.80%,8.442,,
41,06/05/02,22.48,22.80,22.26,22.37,134000,-0.093592,-1.11%,8.3746,,
42,06/04/02,23.44,23.55,22.40,22.62,158300,-0.310723,-3.54%,8.4682,,
43,06/03/02,24.32,24.38,23.45,23.45,107600,-0.254568,-2.82%,8.7789,,
44,05/31/02,24.05,24.31,23.52,24.13,130100,0.086102,0.96%,9.0335,,
45,05/30/02,23.71,24.42,23.46,23.90,154900,-0.007482,-0.08%,8.9473,,
46,05/29/02,23.90,24.26,23.70,23.92,157900,-0.071128,-0.79%,8.9548,,
47,05/28/02,24.91,25.16,23.50,24.11,210700,-0.2995,-3.21%,9.026,,
48,05/27/02,,,,24.91,0,,0.00%,9.3255,,
49,05/24/02,24.82,25.43,24.76,24.91,60400,-0.134766,-1.42%,9.3255,,
50,05/23/02,25.04,25.50,24.75,25.27,105700,0.044924,0.48%,9.4602,,
51,05/22/02,25.33,25.67,24.76,25.15,146500,-0.097336,-1.02%,9.4153,,
52,05/21/02,25.91,25.92,24.60,25.41,155900,-0.104824,-1.09%,9.5126,,
53,05/20/02,26.56,26.78,25.31,25.69,211300,-0.243339,-2.47%,9.6175,,
54,05/17/02,26.50,26.80,26.06,26.34,388800,0.029948,0.30%,9.8608,,
55,05/16/02,26.01,26.50,25.75,26.26,364400,0.104823,1.08%,9.8309,,
56,05/15/02,25.40,26.00,25.40,25.98,210700,0.146003,1.52%,9.726,,
57,05/14/02,25.44,26.02,25.05,25.59,260700,0.194671,2.07%,9.58,,
58,05/13/02,25.45,26.00,24.67,25.07,346600,0.003745,0.04%,9.3854,,
59,05/10/02,26.21,26.21,24.95,25.06,439700,-0.277031,-2.87%,9.3816,,
60,05/09/02,25.15,26.10,24.63,25.80,481800,0.333182,3.57%,9.6586,,
61,05/08/02,24.39,25.10,24.39,24.91,255600,0.194674,2.13%,9.3255,,
62,05/07/02,24.77,25.02,24.39,24.39,184400,-0.138516,-1.49%,9.1308,,
63,05/06/02,24.45,25.06,24.32,24.76,239200,0.116054,1.27%,9.2693,,
64,05/03/02,24.49,24.90,24.32,24.45,164200,0.01123,0.12%,9.1532,,
65,05/02/02,23.50,24.60,23.34,24.42,256400,0.374365,4.27%,9.142,,
66,05/01/02,23.65,23.79,22.85,23.42,115300,0.059901,0.69%,8.7677,,
67,04/30/02,23.00,24.28,22.72,23.26,160800,0.097335,1.13%,8.7078,,
68,04/29/02,22.63,23.01,22.61,23.00,109000,0.134769,1.59%,8.6104,,
69,04/26/02,23.00,23.05,22.59,22.64,126100,-0.066681,-0.78%,8.4756,,
70,04/25/02,22.45,23.00,22.45,22.95,149900,0.189169,2.26%,8.5423,,
71,04/24/02,33.54,33.75,33.27,33.74,75700,0.102391,1.24%,8.3532,,
72,04/23/02,34.18,34.19,33.20,33.25,50600,-0.186104,-2.21%,8.2508,,
73,04/22/02,33.90,34.05,33.15,34.00,120300,0.029774,0.35%,8.4369,,
74,04/19/02,33.62,34.07,33.43,33.88,62800,0.089332,1.07%,8.4071,,
75,04/18/02,33.94,34.15,33.50,33.52,96500,-0.044667,-0.53%,8.3178,,
76,04/17/02,33.38,34.15,33.38,33.70,58100,0.081892,0.99%,8.3624,,
77,04/16/02,33.03,33.51,32.65,33.37,53000,0.124068,1.52%,8.2805,,
78,04/15/02,32.65,33.45,32.51,32.87,104100,0.096775,1.20%,8.1565,,
79,04/12/02,31.85,32.62,31.85,32.48,69600,0.168736,2.14%,8.0597,,
80,04/11/02,32.03,32.24,31.71,31.80,88900,-0.109181,-1.36%,7.891,,
81,04/10/02,31.07,32.29,31.07,32.24,50300,0.285365,3.70%,8.0001,,
82,04/09/02,31.20,31.20,30.86,31.09,21900,-0.014888,-0.19%,7.7148,,
83,04/08/02,30.75,31.15,30.65,31.15,40500,0.10422,1.37%,7.7297,,
84,04/05/02,30.89,30.90,30.51,30.73,36300,-0.004965,-0.07%,7.6254,,
85,04/04/02,30.49,30.90,30.48,30.75,31900,0.017374,0.23%,7.6304,,
86,04/03/02,30.57,30.95,30.44,30.68,37100,-0.054593,-0.71%,7.613,,
87,04/02/02,29.95,30.91,29.95,30.90,31800,0.223332,3.00%,7.6676,,
88,04/01/02,30.90,30.90,29.40,30.00,53400,-0.198517,-2.60%,7.4443,,
89,03/29/02,,,,30.80,0,,0.00%,7.6428,,
90,03/28/02,30.06,30.90,30.06,30.80,86000,0.151369,2.02%,7.6428,,
91,03/27/02,30.04,30.47,29.96,30.19,138100,0.03474,0.47%,7.4914,,
92,03/26/02,30.54,30.65,29.85,30.05,66300,-0.059555,-0.79%,7.4567,,
93,03/25/02,31.14,31.23,30.20,30.29,104600,-0.208442,-2.70%,7.5163,,
94,03/22/02,30.69,31.15,30.51,31.13,45100,0.191071,2.54%,7.7247,,
95,03/21/02,30.92,30.92,30.30,30.36,32500,-0.00248,-0.03%,7.5336,,
96,03/20/02,30.98,30.98,30.35,30.37,15400,-0.096777,-1.27%,7.5361,,
97,03/19/02,31.39,31.58,30.65,30.76,39100,-0.205958,-2.63%,7.6329,,
98,03/18/02,30.65,31.75,30.65,31.59,61600,0.223327,2.93%,7.8388,,
99,03/15/02,29.80,31.00,29.79,30.69,90700,0.198516,2.68%,7.6155,,
100,03/14/02,29.93,29.93,29.15,29.89,44400,0.124072,1.70%,7.417,,
101,03/13/02,29.76,30.08,28.05,29.39,119700,-0.086849,-1.18%,7.2929,,
102,03/12/02,30.20,30.25,29.70,29.74,90000,-0.114146,-1.52%,7.3798,,
103,03/11/02,30.12,31.00,29.94,30.20,109900,-0.012409,-0.17%,7.4939,,
104,03/08/02,30.14,30.25,29.59,30.25,109500,0.066998,0.90%,7.5063,,
105,03/07/02,30.12,30.12,29.87,29.98,136300,-0.00496,-0.07%,7.4393,,
106,03/06/02,30.74,30.90,29.50,30.00,65900,-0.121592,-1.61%,7.4443,,
107,03/05/02,31.40,32.20,30.18,30.49,199500,-0.069482,-0.91%,7.5659,,
108,03/04/02,29.75,30.85,29.74,30.77,105600,0.312663,4.27%,7.6354,,
109,03/01/02,29.40,29.77,29.26,29.51,123100,0.052108,0.72%,7.3227,,
110,02/28/02,29.41,29.50,29.01,29.30,52500,-0.029774,-0.41%,7.2706,,
111,02/27/02,29.36,29.75,29.25,29.42,77500,0.094291,1.31%,7.3004,,
112,02/26/02,29.16,29.50,29.00,29.04,85800,-0.037219,-0.51%,7.2061,,
113,02/25/02,29.46,29.50,29.16,29.19,61200,-0.064517,-0.88%,7.2433,,
114,02/22/02,29.78,29.78,29.40,29.45,61100,-0.076926,-1.04%,7.3078,,
115,02/21/02,29.25,30.05,29.25,29.76,46300,0.146404,2.02%,7.3847,,
116,02/20/02,29.44,29.44,28.72,29.17,74800,0.059555,0.83%,7.2383,,
117,02/19/02,29.70,29.70,28.71,28.93,113900,-0.191071,-2.59%,7.1788,,
118,02/18/02,,,,29.70,0,,0.00%,7.3699,,
119,02/15/02,30.00,30.00,29.69,29.70,26900,-0.07444,-1.00%,7.3699,,
120,02/14/02,30.20,30.20,29.75,30.00,70800,-0.037223,-0.50%,7.4443,,
121,02/13/02,29.99,30.20,29.79,30.15,55700,0.114146,1.55%,7.4815,,
122,02/12/02,29.50,29.70,29.45,29.69,22800,0.059555,0.81%,7.3674,,
123,02/11/02,29.93,29.97,29.45,29.45,38900,-0.111669,-1.51%,7.3078,,
124,02/08/02,29.66,30.00,29.52,29.90,55400,0.119114,1.63%,7.4195,,
125,02/07/02,29.42,29.79,29.30,29.42,70000,-0.0273,-0.37%,7.3004,,
126,02/06/02,29.60,29.85,29.40,29.53,57300,0.007445,0.10%,7.3277,,
127,02/05/02,28.65,29.72,28.60,29.50,97600,0.18363,2.57%,7.3202,,
128,02/04/02,29.04,29.04,28.66,28.76,63500,-0.069484,-0.96%,7.1366,,
129,02/01/02,29.07,29.07,28.25,29.04,197900,0.047147,0.66%,7.2061,,
130,01/31/02,28.80,28.96,28.60,28.85,109800,0.037222,0.52%,7.1589,,
131,01/30/02,28.06,29.20,28.00,28.70,64300,0.158812,2.28%,7.1217,,
132,01/29/02,28.46,28.54,28.06,28.06,58300,-0.163775,-2.30%,6.9629,,
133,01/28/02,28.46,28.95,28.46,28.72,40700,0.007443,0.10%,7.1267,,
134,01/25/02,28.60,28.90,28.30,28.69,103100,0.051568,0.73%,7.1192,,
135,01/24/02,28.85,28.85,28.35,28.68,48400,0.027107,0.39%,7.0677,,
136,01/23/02,28.99,28.99,28.57,28.57,75300,-0.007393,-0.10%,7.0406,,
137,01/22/02,29.46,29.46,28.36,28.60,97100,-0.170037,-2.36%,7.048,,
138,01/21/02,,,,29.29,0,,0.00%,7.218,,
139,01/18/02,29.59,29.60,29.29,29.29,61200,-0.093647,-1.28%,7.218,,
140,01/17/02,29.81,30.00,29.30,29.67,65400,-0.009857,-0.13%,7.3116,,
141,01/16/02,29.55,30.29,29.54,29.71,205500,0.078862,1.09%,7.3215,,
142,01/15/02,28.33,29.52,28.31,29.39,39900,0.278466,4.00%,7.2426,,
143,01/14/02,28.83,28.97,27.93,28.26,41800,-0.170038,-2.38%,6.9642,,
144,01/11/02,28.43,29.20,28.43,28.95,24600,0.103505,1.47%,7.1342,,
145,01/10/02,28.44,28.88,28.04,28.53,29100,0.017247,0.25%,7.0307,,
146,01/09/02,28.20,28.98,27.95,28.46,27500,0.064072,0.92%,7.0135,,
147,01/08/02,27.40,28.40,27.28,28.20,56100,0.199611,2.96%,6.9494,,
148,01/07/02,29.05,29.10,27.20,27.39,73400,-0.428794,-5.97%,6.7498,,
149,01/04/02,28.50,29.40,28.30,29.13,35300,0.155256,2.21%,7.1786,,
150,01/03/02,28.50,28.50,27.34,28.50,51800,0.160181,2.33%,7.0233,,
1,01/02/02,28.06,28.57,27.40,27.85,40800,-0.051754,-0.75%,6.8631,,
2,01/01/02,,,,28.06,0,,0.00%,6.9149,,
3,12/31/01,28.00,28.65,27.90,28.06,48000,0.041893,0.61%,6.9149,,
4,12/28/01,28.28,28.28,27.89,27.89,31200,-0.098571,-1.41%,6.873,,
5,12/27/01,28.45,28.65,28.29,28.29,15000,-0.029573,-0.42%,6.9716,,
6,12/26/01,28.95,29.05,28.40,28.41,30200,-0.046822,-0.66%,7.0011,,
7,12/25/01,,,,28.60,0,,0.00%,7.048,,
8,12/24/01,28.31,28.99,28.30,28.60,18600,0.029574,0.42%,7.048,,
9,12/21/01,27.50,28.60,27.18,28.48,137700,0.204535,3.00%,7.0184,,
10,12/20/01,27.61,28.13,27.54,27.65,48300,-0.012321,-0.18%,6.8138,,
11,12/19/01,27.70,27.80,27.47,27.70,29700,0.00,0.00%,6.8262,,
12,12/18/01,27.20,27.70,27.20,27.70,50300,0.086257,1.28%,6.8262,,
13,12/17/01,26.99,27.68,26.51,27.35,81600,0.135537,2.05%,6.7399,,
14,12/14/01,26.80,26.95,26.55,26.80,95700,0.00,0.00%,6.6044,,
15,12/13/01,26.99,27.00,26.80,26.80,76600,-0.046826,-0.70%,6.6044,,
16,12/12/01,26.77,27.02,26.53,26.99,44600,0.108428,1.66%,6.6512,,
17,12/11/01,26.79,26.94,26.34,26.55,61100,-0.096106,-1.45%,6.5428,,
18,12/10/01,26.89,27.19,26.77,26.94,58700,0.012316,0.19%,6.6389,,
19,12/07/01,27.50,27.50,26.76,26.89,128000,-0.086248,-1.28%,6.6266,,
20,12/06/01,27.24,27.24,26.72,27.24,52500,0.145396,2.21%,6.7128,,
21,12/05/01,26.90,27.11,26.65,26.65,210200,0.103508,1.60%,6.5674,,
22,12/04/01,25.24,26.61,25.24,26.23,44500,0.18975,3.02%,6.4639,,
23,12/03/01,25.50,25.50,24.82,25.46,90200,0.086249,1.39%,6.2742,,
24,11/30/01,26.02,26.38,25.00,25.11,84200,-0.298184,-4.60%,6.1879,,
25,11/29/01,25.05,26.38,25.04,26.32,43300,0.248898,3.99%,6.4861,,
26,11/28/01,25.40,25.40,24.90,25.31,54400,0.064072,1.04%,6.2372,,
27,11/27/01,25.01,25.18,24.75,25.05,34100,0.009856,0.16%,6.1731,,
28,11/26/01,25.00,25.40,24.60,25.01,61200,0.061607,1.01%,6.1633,,
29,11/23/01,25.15,25.15,24.70,24.76,50900,0.054218,0.90%,6.1017,,
30,11/22/01,,,,24.54,0,,0.00%,6.0474,,
31,11/21/01,24.82,24.82,24.49,24.54,37900,-0.064077,-1.05%,6.0474,,
32,11/20/01,25.54,25.54,24.63,24.80,115200,-0.172502,-2.75%,6.1115,,
33,11/19/01,26.03,26.15,25.16,25.50,139700,-0.125678,-1.96%,6.284,,
34,11/16/01,25.88,26.25,25.58,26.01,57900,0.044361,0.70%,6.4097,,
35,11/15/01,25.87,26.59,25.80,25.83,70400,-0.06654,-1.03%,6.3653,,
36,11/14/01,25.56,26.11,25.33,26.10,198700,0.135536,2.15%,6.4319,,
37,11/13/01,24.71,25.55,24.59,25.55,122600,0.182362,2.98%,6.2963,,
38,11/12/01,24.27,24.81,24.02,24.81,26100,0.130608,2.18%,6.114,,
39,11/09/01,24.29,24.73,24.23,24.28,59500,-0.054216,-0.90%,5.9834,,
40,11/08/01,24.55,24.78,24.26,24.50,23100,0.004928,0.08%,6.0376,,
41,11/07/01,24.59,24.59,24.01,24.48,54100,0.066541,1.12%,6.0327,,
42,11/06/01,24.35,24.37,24.01,24.21,46500,-0.036967,-0.62%,5.9661,,
43,11/05/01,23.68,24.41,23.68,24.36,67800,0.197144,3.40%,6.0031,,
44,11/02/01,23.00,23.98,23.00,23.56,71100,0.066541,1.16%,5.8059,,
45,11/01/01,23.94,24.18,22.93,23.29,129200,-0.236575,-3.96%,5.7394,,
46,10/31/01,23.21,24.25,23.14,24.25,48900,0.325289,5.76%,5.976,,
47,10/30/01,23.71,23.71,22.93,22.93,29100,-0.19222,-3.29%,5.6507,,
48,10/29/01,24.11,24.17,23.56,23.71,73900,-0.059144,-1.00%,5.8429,,
49,10/26/01,24.18,24.25,23.80,23.95,103900,0.026572,0.45%,5.902,,
50,10/25/01,24.04,24.05,23.48,24.04,68300,0.036663,0.63%,5.8755,,
51,10/24/01,23.40,24.04,23.40,23.89,20400,0.119757,2.09%,5.8388,,
52,10/23/01,24.18,24.44,23.40,23.40,141600,-0.190636,-3.23%,5.7191,,
53,10/22/01,24.01,24.45,23.31,24.18,26300,0.080655,1.38%,5.9097,,
54,10/19/01,23.24,24.30,23.08,23.85,37100,0.144195,2.54%,5.829,,
55,10/18/01,23.08,23.41,22.93,23.26,133000,0.063546,1.13%,5.6848,,
56,10/17/01,24.00,24.00,22.92,23.00,187900,-0.256622,-4.37%,5.6213,,
57,10/16/01,25.40,25.66,23.90,24.05,90500,-0.10265,-1.72%,5.8779,,
58,10/15/01,24.10,24.80,24.10,24.47,36700,-0.014664,-0.24%,5.9806,,
59,10/12/01,24.22,25.00,23.87,24.53,19300,0.00,0.00%,5.9952,,
60,10/11/01,23.82,24.62,23.51,24.53,41800,0.202854,3.50%,5.9952,,
61,10/10/01,23.87,23.90,23.00,23.70,47200,-0.092872,-1.58%,5.7924,,
62,10/09/01,23.82,24.20,23.81,24.08,161800,-0.119758,-1.99%,5.8852,,
63,10/08/01,25.00,25.00,23.05,24.57,76500,0.026882,0.45%,6.005,,
64,10/05/01,25.25,25.25,23.40,24.46,18500,-0.193077,-3.13%,5.9781,,
65,10/04/01,25.57,25.57,24.85,25.25,104500,0.014666,0.24%,6.1712,,
66,10/03/01,25.50,25.50,24.39,25.19,156000,-0.051327,-0.83%,6.1565,,
67,10/02/01,25.26,25.77,24.82,25.40,50500,0.124643,2.05%,6.2079,,
68,10/01/01,25.18,26.27,24.54,24.89,95700,-0.105094,-1.70%,6.0832,,
69,09/28/01,23.23,25.70,23.10,25.32,140700,0.567019,10.09%,6.1883,,
70,09/27/01,23.24,23.25,22.64,23.00,94700,0.007333,0.13%,5.6213,,
71,09/26/01,23.20,23.80,22.87,22.97,87500,-0.078209,-1.37%,5.614,,
72,09/25/01,23.08,23.33,22.90,23.29,205800,0.053769,0.95%,5.6922,,
73,09/24/01,23.02,23.60,23.02,23.07,115000,0.12709,2.31%,5.6384,,
74,09/21/01,23.59,23.59,21.50,22.55,366500,-0.293285,-5.05%,5.5113,,
75,09/20/01,25.16,25.16,23.00,23.75,117100,-0.388602,-6.27%,5.8046,,
76,09/19/01,27.56,27.56,24.75,25.34,189700,-0.40082,-6.08%,6.1932,,
77,09/18/01,26.42,28.00,26.42,26.98,94200,0.136864,2.12%,6.594,,
78,09/17/01,25.54,26.93,24.40,26.42,132500,-0.080651,-1.23%,6.4572,,
79,09/14/01,,,,26.75,0,,0.00%,6.5378,,
80,09/13/01,,,,26.75,0,,0.00%,6.5378,,
81,09/12/01,,,,26.75,0,,0.00%,6.5378,,
82,09/11/01,26.75,26.75,26.75,26.75,600,0.00,0.00%,6.5378,,
83,09/10/01,26.36,26.75,25.95,26.75,150400,0.08554,1.33%,6.5378,,
84,09/07/01,26.19,26.79,25.67,26.40,128400,0.048881,0.76%,6.4523,,
85,09/06/01,26.50,26.99,25.50,26.20,116400,-0.100206,-1.54%,6.4034,,
86,09/05/01,26.80,27.18,26.40,26.61,120900,-0.058656,-0.89%,6.5036,,
87,09/04/01,27.61,27.65,26.78,26.85,168400,-0.092876,-1.40%,6.5622,,
88,09/03/01,,,,27.23,0,,0.00%,6.6551,,
89,08/31/01,25.84,27.54,25.84,27.23,205600,0.342164,5.42%,6.6551,,
90,08/30/01,25.62,26.04,25.43,25.83,192600,0.009779,0.16%,6.313,,
91,08/29/01,26.79,26.90,25.54,25.79,196300,-0.092875,-1.45%,6.3032,,
92,08/28/01,25.24,26.90,25.24,26.17,1963600,0.237074,3.85%,6.3961,,
93,08/27/01,25.30,26.70,24.19,25.20,309500,-0.122202,-1.95%,6.159,,
94,08/24/01,29.12,29.12,25.25,25.70,554800,-0.806534,-11.38%,6.2812,,
95,08/23/01,30.40,30.40,28.90,29.00,331100,-0.183304,-2.52%,7.0877,,
96,08/22/01,30.54,30.63,28.59,29.75,688400,-0.18807,-2.52%,7.271,,
97,08/21/01,43.02,44.50,42.29,42.29,174000,0.489862,7.03%,7.4591,,
98,08/20/01,42.38,43.09,42.13,42.56,45700,0.009827,0.14%,6.9692,,
99,08/17/01,42.34,43.09,41.90,42.50,69500,0.040931,0.59%,6.9594,,
100,08/16/01,42.09,42.31,41.45,42.25,118900,0.081878,1.20%,6.9185,,
101,08/15/01,41.72,42.88,41.50,41.75,139500,0.008189,0.12%,6.8366,,
102,08/14/01,40.68,42.88,40.68,41.70,113400,0.212873,3.22%,6.8284,,
103,08/13/01,39.84,40.93,39.65,40.40,57600,0.099893,1.53%,6.6155,,
104,08/10/01,38.63,39.79,38.24,39.79,82200,0.18667,2.95%,6.5156,,
105,08/09/01,38.20,38.65,38.20,38.65,47100,0.076965,1.23%,6.329,,
106,08/08/01,38.15,38.79,38.00,38.18,31700,0.019651,0.32%,6.252,,
107,08/07/01,38.49,38.49,37.99,38.06,30700,-0.072049,-1.14%,6.2324,,
108,08/06/01,38.18,38.88,37.95,38.50,109300,0.055676,0.89%,6.3044,,
109,08/03/01,38.00,38.18,37.97,38.16,16600,0.0262,0.42%,6.2487,,
110,08/02/01,37.98,38.25,37.50,38.00,140800,0.00,0.00%,6.2225,,
111,08/01/01,37.75,38.09,37.70,38.00,17600,0.00,0.00%,6.2225,,
112,07/31/01,37.88,38.50,37.29,38.00,32400,0.00,0.00%,6.2225,,
113,07/30/01,37.93,38.09,37.77,38.00,96900,0.072047,1.17%,6.2225,,
114,07/27/01,36.99,37.79,36.98,37.56,94300,0.076965,1.27%,6.1505,,
115,07/26/01,37.09,37.20,36.93,37.09,81500,0.041032,0.68%,6.0735,,
116,07/25/01,36.66,37.09,36.66,37.09,40600,0.02277,0.38%,6.0325,,
117,07/24/01,36.57,36.98,36.57,36.95,75800,0.060177,1.01%,6.0097,,
118,07/23/01,38.00,38.09,36.56,36.58,57200,-0.175651,-2.87%,5.9495,,
119,07/20/01,38.45,38.45,37.02,37.66,43600,-0.099217,-1.59%,6.1252,,
120,07/19/01,37.40,39.25,37.40,38.27,124400,0.162646,2.68%,6.2244,,
121,07/18/01,35.75,37.90,35.74,37.27,100500,0.263482,4.54%,6.0618,,
122,07/17/01,34.18,35.70,34.04,35.65,88900,0.317156,5.79%,5.7983,,
123,07/16/01,33.15,34.00,33.13,33.70,12200,0.099213,1.84%,5.4811,,
124,07/13/01,33.16,33.18,33.08,33.09,4700,-0.011381,-0.21%,5.3819,,
125,07/12/01,33.43,33.54,32.84,33.16,16600,-0.021148,-0.39%,5.3933,,
126,07/11/01,32.75,33.73,32.75,33.29,66300,0.073189,1.37%,5.4144,,
127,07/10/01,32.34,32.93,32.34,32.84,71200,0.069938,1.33%,5.3412,,
128,07/09/01,32.33,32.84,32.33,32.41,13700,0.019521,0.37%,5.2713,,
129,07/06/01,32.93,32.97,32.27,32.29,23300,-0.112223,-2.09%,5.2518,,
130,07/05/01,33.13,33.27,32.93,32.98,19100,-0.032533,-0.60%,5.364,,
131,07/04/01,,,,33.18,0,,0.00%,5.3965,,
132,07/03/01,32.79,33.20,32.77,33.18,43400,0.048792,0.91%,5.3965,,
133,07/02/01,33.73,33.93,32.84,32.88,67300,-0.167524,-3.04%,5.3477,,
134,06/29/01,32.88,33.91,32.88,33.91,185300,0.159389,2.98%,5.5153,,
135,06/28/01,31.79,33.75,31.55,32.93,189800,0.214694,4.18%,5.3559,,
136,06/27/01,30.87,31.79,30.75,31.61,85000,0.08295,1.64%,5.1412,,
137,06/26/01,30.29,31.10,29.95,31.10,85100,0.105718,2.13%,5.0582,,
138,06/25/01,30.20,30.57,30.19,30.45,36500,0.048795,1.00%,4.9525,,
139,06/22/01,30.46,30.75,30.12,30.15,22400,-0.089456,-1.79%,4.9037,,
140,06/21/01,30.00,30.75,29.78,30.70,44200,0.11385,2.33%,4.9932,,
141,06/20/01,29.20,30.15,29.18,30.00,32800,0.136623,2.88%,4.8793,,
142,06/19/01,28.76,29.20,28.76,29.16,8600,0.026024,0.55%,4.7427,,
143,06/18/01,28.70,29.21,28.70,29.00,21500,0.001627,0.03%,4.7167,,
144,06/15/01,29.20,29.26,28.74,28.99,36600,-0.030902,-0.65%,4.7151,,
145,06/14/01,29.10,29.29,29.10,29.18,105300,0.009757,0.21%,4.746,,
146,06/13/01,29.37,29.37,29.10,29.12,44200,-0.039037,-0.82%,4.7362,,
147,06/12/01,29.54,29.66,29.20,29.36,18000,-0.04066,-0.84%,4.7752,,
148,06/11/01,29.52,29.66,29.40,29.61,25300,-0.053671,-1.10%,4.8159,,
149,06/08/01,29.79,29.94,29.54,29.94,13500,0.006505,0.13%,4.8696,,
150,06/07/01,29.58,29.90,29.58,29.90,14200,0.011383,0.23%,4.8631,,
1,06/06/01,29.62,29.95,29.62,29.83,20300,0.008133,0.17%,4.8517,,
2,06/05/01,29.51,29.90,29.50,29.78,84000,0.016264,0.34%,4.8436,,
3,06/04/01,29.15,29.88,28.95,29.68,96000,0.086203,1.82%,4.8273,,
4,06/01/01,28.87,29.25,28.50,29.15,63600,0.105719,2.28%,4.7411,,
5,05/31/01,29.37,29.50,28.41,28.50,34200,-0.14638,-3.06%,4.6354,,
6,05/30/01,29.54,29.59,29.37,29.40,13000,-0.008134,-0.17%,4.7817,,
7,05/29/01,29.18,29.53,29.18,29.45,11900,0.003255,0.07%,4.7899,,
8,05/28/01,,,,29.43,0,,0.00%,4.7866,,
9,05/25/01,29.30,29.43,29.20,29.43,25800,-0.00163,-0.03%,4.7866,,
10,05/24/01,29.40,29.58,29.40,29.44,26000,-0.001625,-0.03%,4.7883,,
11,05/23/01,29.79,29.79,29.40,29.45,17700,-0.040661,-0.84%,4.7899,,
12,05/22/01,29.99,29.99,29.16,29.70,72200,-0.008133,-0.17%,4.8305,,
13,05/21/01,29.53,30.00,29.51,29.75,100700,-0.013011,-0.27%,4.8387,,
14,05/18/01,29.76,29.99,29.70,29.83,5800,0.009759,0.20%,4.8517,,
15,05/17/01,29.92,30.15,29.76,29.77,17900,-0.06831,-1.39%,4.8419,,
16,05/16/01,29.35,30.20,29.04,30.19,43200,0.152883,3.21%,4.9102,,
17,05/15/01,29.49,29.54,29.25,29.25,38900,-0.024393,-0.51%,4.7574,,
18,05/14/01,29.44,29.50,29.00,29.40,58200,0.024393,0.51%,4.7817,,
19,05/11/01,29.16,29.48,29.16,29.25,25800,0.019519,0.41%,4.7574,,
20,05/10/01,28.70,29.45,28.68,29.13,113600,0.022774,0.48%,4.7378,,
21,05/09/01,28.69,29.00,28.65,28.99,131900,0.032527,0.69%,4.7151,,
22,05/08/01,28.95,29.15,28.75,28.79,18400,-0.034154,-0.72%,4.6825,,
23,05/07/01,28.90,29.15,28.90,29.00,44100,-0.029275,-0.62%,4.7167,,
24,05/04/01,29.17,29.18,29.00,29.18,13000,-0.001625,-0.03%,4.746,,
25,05/03/01,29.19,29.20,29.10,29.19,30600,-0.017894,-0.38%,4.7476,,
26,05/02/01,29.29,29.45,29.12,29.30,232200,-0.024399,-0.51%,4.7655,,
27,05/01/01,29.49,29.50,29.20,29.45,9600,0.008134,0.17%,4.7899,,
28,04/30/01,28.70,29.45,28.55,29.40,54800,0.139874,3.01%,4.7817,,
29,04/27/01,27.76,28.85,27.76,28.54,23100,0.128489,2.85%,4.6419,,
30,04/26/01,27.79,27.90,27.71,27.75,16300,0.04238,0.95%,4.5134,,
31,04/25/01,27.63,27.82,27.63,27.74,95500,0.022566,0.51%,4.471,,
32,04/24/01,27.60,27.69,27.51,27.60,159000,0.00967,0.22%,4.4484,,
33,04/23/01,27.20,28.20,27.20,27.54,11400,0.054803,1.25%,4.4388,,
34,04/20/01,27.35,27.45,27.10,27.20,7300,-0.04513,-1.02%,4.384,,
35,04/19/01,27.00,27.51,27.00,27.48,50600,0.04513,1.03%,4.4291,,
36,04/18/01,26.01,27.29,26.01,27.20,18000,0.193406,4.62%,4.384,,
37,04/17/01,25.85,26.00,25.85,26.00,14300,0.016118,0.39%,4.1906,,
38,04/16/01,25.95,26.00,25.88,25.90,8700,-0.016118,-0.38%,4.1744,,
39,04/13/01,,,,26.00,0,,0.00%,4.1906,,
40,04/12/01,25.83,26.12,25.83,26.00,26300,0.027403,0.66%,4.1906,,
41,04/11/01,25.79,26.04,25.79,25.83,10800,0.012891,0.31%,4.1632,,
42,04/10/01,25.36,25.95,25.29,25.75,15100,0.095095,2.35%,4.1503,,
43,04/09/01,25.75,25.75,25.16,25.16,10800,-0.104765,-2.52%,4.0552,,
44,04/06/01,25.87,26.25,25.75,25.81,14300,-0.030624,-0.73%,4.1599,,
45,04/05/01,26.43,26.43,25.81,26.00,43300,-0.040291,-0.95%,4.1906,,
46,04/04/01,26.95,27.12,26.12,26.25,335200,-0.109607,-2.53%,4.2308,,
47,04/03/01,26.87,27.25,26.43,26.93,29900,-0.051568,-1.17%,4.3405,,
48,04/02/01,27.12,27.25,26.75,27.25,44200,0.00,0.00%,4.392,,
49,03/30/01,26.62,27.93,26.50,27.25,18700,0.10154,2.37%,4.392,,
50,03/29/01,26.37,26.81,26.25,26.62,7000,0.01934,0.45%,4.2905,,
51,03/28/01,25.82,26.50,25.82,26.50,22700,0.070917,1.69%,4.2711,,
52,03/27/01,26.06,26.12,25.75,26.06,4000,-0.009667,-0.23%,4.2002,,
53,03/26/01,25.00,26.12,25.00,26.12,31100,0.180512,4.48%,4.2099,,
54,03/23/01,25.25,25.43,25.00,25.00,6200,-0.019341,-0.48%,4.0294,,
55,03/22/01,24.43,25.18,24.43,25.12,27400,0.11121,2.82%,4.0487,,
56,03/21/01,25.87,25.87,24.25,24.43,19400,-0.212751,-5.13%,3.9375,,
57,03/20/01,26.43,26.50,25.75,25.75,20700,-0.12088,-2.83%,4.1503,,
58,03/19/01,26.75,26.81,26.43,26.50,57400,-0.040293,-0.93%,4.2711,,
59,03/16/01,26.96,26.96,26.75,26.75,38300,-0.029019,-0.67%,4.3114,,
60,03/15/01,26.93,27.00,26.81,26.93,25400,0.009676,0.22%,4.3405,,
61,03/14/01,26.98,27.18,26.87,26.87,20400,-0.061244,-1.39%,4.3308,,
62,03/13/01,26.93,27.25,26.87,27.25,5000,0.070914,1.64%,4.392,,
63,03/12/01,26.87,27.06,26.81,26.81,28600,-0.019346,-0.45%,4.3211,,
64,03/09/01,27.81,27.81,26.93,26.93,64900,-0.1515,-3.37%,4.3405,,
65,03/08/01,26.87,28.31,26.82,27.87,43900,0.080587,1.83%,4.492,,
66,03/07/01,26.56,27.37,26.50,27.37,31300,0.151509,3.56%,4.4114,,
67,03/06/01,26.62,26.62,26.43,26.43,2700,0.029011,0.69%,4.2599,,
68,03/05/01,26.53,26.56,26.25,26.25,9400,-0.029011,-0.68%,4.2308,,
69,03/02/01,26.18,26.57,26.18,26.43,10500,0.019338,0.46%,4.2599,,
70,03/01/01,26.43,26.50,26.31,26.31,7000,-0.030622,-0.72%,4.2405,,
71,02/28/01,26.35,26.50,25.87,26.50,35800,0.040295,0.95%,4.2711,,
72,02/27/01,26.18,26.31,26.00,26.25,4600,0.00,0.00%,4.2308,,
73,02/26/01,26.62,26.68,26.25,26.25,4200,-0.069308,-1.61%,4.2308,,
74,02/23/01,26.87,26.87,26.12,26.68,6700,-0.008056,-0.19%,4.3002,,
75,02/22/01,27.00,27.00,26.50,26.73,16800,-0.048356,-1.11%,4.3082,,
76,02/21/01,26.75,27.62,26.75,27.03,28600,0.025789,0.60%,4.3566,,
77,02/20/01,27.00,27.31,26.87,26.87,16500,-0.070917,-1.61%,4.3308,,
78,02/19/01,,,,27.31,0,,0.00%,4.4017,,
79,02/16/01,27.81,27.93,27.00,27.31,21500,-0.090259,-2.01%,4.4017,,
80,02/15/01,27.31,27.93,27.31,27.87,13500,0.05964,1.35%,4.492,,
81,02/14/01,27.62,27.75,27.31,27.50,11800,-0.069306,-1.54%,4.4323,,
82,02/13/01,27.25,28.00,27.25,27.93,19000,0.109598,2.50%,4.5016,,
83,02/12/01,26.37,27.25,26.34,27.25,18900,0.151502,3.57%,4.392,,
84,02/09/01,26.25,26.37,26.25,26.31,16900,-0.00161,-0.04%,4.2405,,
85,02/08/01,25.93,26.32,25.93,26.32,23000,0.051574,1.23%,4.2421,,
86,02/07/01,25.93,26.12,25.81,26.00,34900,0.030624,0.74%,4.1906,,
87,02/06/01,26.37,26.68,25.81,25.81,34200,-0.090256,-2.12%,4.1599,,
88,02/05/01,26.18,26.43,26.18,26.37,23900,0.009668,0.23%,4.2502,,
89,02/02/01,26.31,26.37,26.25,26.31,6700,0.009673,0.23%,4.2405,,
90,02/01/01,26.18,26.25,26.18,26.25,27700,-0.009673,-0.23%,4.2308,,
91,01/31/01,26.75,26.75,26.25,26.31,45400,-0.00161,-0.04%,4.2405,,
92,01/30/01,26.79,27.00,26.31,26.32,24600,-0.048352,-1.13%,4.2421,,
93,01/29/01,25.62,27.00,25.56,26.62,120000,0.170845,4.15%,4.2905,,
94,01/26/01,25.25,25.56,25.14,25.56,14700,0.071013,1.75%,4.1196,,
95,01/25/01,25.25,25.37,25.00,25.37,36100,0.059042,1.48%,4.0486,,
96,01/24/01,25.12,25.62,25.00,25.00,46400,0.00,0.00%,3.9896,,
97,01/23/01,24.76,25.12,24.56,25.00,33300,-0.009576,-0.24%,3.9896,,
98,01/22/01,25.00,25.12,24.50,25.06,14200,0.009576,0.24%,3.9992,,
99,01/19/01,25.06,25.18,25.00,25.00,2400,-0.059042,-1.46%,3.9896,,
100,01/18/01,25.26,25.40,25.06,25.37,15600,0.00,0.00%,4.0486,,
101,01/17/01,25.35,26.00,25.25,25.37,18800,0.00,0.00%,4.0486,,
102,01/16/01,23.00,25.50,23.00,25.37,99700,0.298418,7.96%,4.0486,,
103,01/15/01,,,,23.50,0,,0.00%,3.7502,,
104,01/12/01,24.00,24.00,23.00,23.50,13500,-0.079792,-2.08%,3.7502,,
105,01/11/01,24.56,24.56,24.00,24.00,7100,-0.089367,-2.28%,3.83,,
106,01/10/01,23.75,24.56,23.62,24.56,5400,0.12288,3.24%,3.9194,,
107,01/09/01,24.09,24.25,23.68,23.79,10200,-0.062236,-1.61%,3.7965,,
108,01/08/01,23.43,24.18,22.62,24.18,42200,0.09894,2.63%,3.8587,,
109,01/05/01,24.93,24.93,23.56,23.56,108300,-0.248952,-6.21%,3.7598,,
110,01/04/01,25.06,25.12,24.87,25.12,53200,-0.020745,-0.51%,4.0087,,
111,01/03/01,25.06,25.37,25.00,25.25,76800,0.020745,0.52%,4.0295,,
112,01/02/01,24.76,25.37,24.75,25.12,40400,-0.020745,-0.51%,4.0087,,
113,01/01/01,,,,25.25,0,,0.00%,4.0295,,
114,12/29/00,25.25,25.50,25.12,25.25,60000,0.039896,1.00%,4.0295,,
115,12/28/00,23.81,25.40,23.81,25.00,62900,0.15001,3.91%,3.9896,,
116,12/27/00,23.62,24.12,23.62,24.06,134700,0.15001,4.07%,3.8396,,
117,12/26/00,,,,23.12,0,,0.00%,3.6896,,
118,12/25/00,,,,23.12,0,,0.00%,3.6896,,
119,12/22/00,22.43,23.50,22.43,23.12,15900,0.129259,3.63%,3.6896,,
120,12/21/00,22.12,22.37,22.12,22.31,27600,0.04947,1.41%,3.5603,,
121,12/20/00,21.87,22.12,21.87,22.00,36100,0.020747,0.59%,3.5108,,
122,12/19/00,22.12,22.37,21.87,21.87,31900,-0.039894,-1.13%,3.4901,,
123,12/18/00,21.50,22.34,21.50,22.12,96300,0.119687,3.51%,3.53,,
124,12/15/00,21.87,21.93,20.62,21.37,128100,-0.10054,-2.86%,3.4103,,
125,12/14/00,22.68,22.68,21.56,22.00,84100,-0.108518,-3.00%,3.5108,,
126,12/13/00,22.62,22.93,22.62,22.68,34900,0.00,0.00%,3.6194,,
127,12/12/00,23.06,23.06,22.68,22.68,11300,-0.090959,-2.45%,3.6194,,
128,12/11/00,23.48,23.48,23.12,23.25,7700,-0.028723,-0.77%,3.7103,,
129,12/08/00,22.87,23.50,22.87,23.43,13500,0.049471,1.34%,3.739,,
130,12/07/00,22.87,23.12,22.75,23.12,55600,0.049467,1.36%,3.6896,,
131,12/06/00,22.81,23.87,22.81,22.81,39400,0.00,0.00%,3.6401,,
132,12/05/00,22.75,23.12,22.68,22.81,14900,0.009577,0.26%,3.6401,,
133,12/04/00,22.64,22.93,22.62,22.75,91300,-0.039899,-1.09%,3.6305,,
134,12/01/00,20.43,23.62,20.31,23.00,150300,0.410132,12.58%,3.6704,,
135,11/30/00,20.50,20.56,20.37,20.43,163200,0.009575,0.29%,3.2603,,
136,11/29/00,20.37,20.50,20.25,20.37,109500,0.019148,0.59%,3.2507,,
137,11/28/00,20.31,20.50,20.25,20.25,33100,-0.039895,-1.22%,3.2316,,
138,11/27/00,20.75,20.87,20.31,20.50,58800,0.00,0.00%,3.2715,,
139,11/24/00,20.68,20.93,20.50,20.50,41800,-0.039896,-1.20%,3.2715,,
140,11/23/00,,,,20.75,0,,0.00%,3.3114,,
141,11/22/00,21.25,21.37,20.75,20.75,69300,-0.06862,-2.03%,3.3114,,
142,11/21/00,21.87,21.87,21.12,21.18,119500,-0.090964,-2.62%,3.38,,
143,11/20/00,21.75,21.75,21.75,21.75,300,-0.019149,-0.55%,3.4709,,
144,11/17/00,21.81,22.00,21.56,21.87,10200,0.04947,1.44%,3.4901,,
145,11/16/00,21.75,21.75,21.56,21.56,42100,-0.009576,-0.28%,3.4406,,
146,11/15/00,21.62,21.81,21.56,21.62,17500,0.00,0.00%,3.4502,,
147,11/14/00,22.00,22.01,21.62,21.62,3400,-0.060641,-1.73%,3.4502,,
148,11/13/00,21.75,22.06,21.62,22.00,104300,0.030319,0.87%,3.5108,,
149,11/10/00,22.12,22.12,21.81,21.81,4300,0.00,0.00%,3.4805,,
150,11/09/00,22.31,22.31,21.81,21.81,25100,-0.030319,-0.86%,3.4805,,
1,11/08/00,22.25,22.25,22.00,22.00,2400,0.00,0.00%,3.5108,,
2,11/07/00,22.18,22.18,21.87,22.00,74200,-0.019147,-0.54%,3.5108,,
3,11/06/00,22.00,22.18,21.87,22.12,163200,0.009574,0.27%,3.53,,
4,11/03/00,21.92,22.06,21.87,22.06,17900,0.020746,0.59%,3.5204,,
5,11/02/00,22.06,22.25,21.81,21.93,26900,-0.020746,-0.59%,3.4997,,
6,11/01/00,22.37,22.37,22.06,22.06,26400,-0.01915,-0.54%,3.5204,,
7,10/31/00,22.31,22.43,22.18,22.18,63700,-0.020747,-0.58%,3.5396,,
8,10/30/00,22.00,22.50,21.75,22.31,27900,-0.009573,-0.27%,3.5603,,
9,10/27/00,21.25,23.62,21.25,22.37,51900,0.199569,5.92%,3.5699,,
10,10/26/00,21.18,21.62,21.18,21.37,19900,0.009461,0.28%,3.3703,,
11,10/25/00,21.09,21.31,21.09,21.31,14900,0.029967,0.90%,3.3608,,
12,10/24/00,21.18,21.18,21.00,21.12,26200,0.00,0.00%,3.3309,,
13,10/23/00,21.00,21.18,21.00,21.12,11800,0.018925,0.57%,3.3309,,
14,10/20/00,21.12,21.12,20.62,21.00,7500,0.011039,0.33%,3.312,,
15,10/19/00,20.12,21.00,20.12,20.93,20700,0.107245,3.36%,3.3009,,
16,10/18/00,20.26,20.50,20.25,20.25,3500,-0.039429,-1.22%,3.1937,,
17,10/17/00,21.75,21.75,20.25,20.50,18000,-0.206606,-6.01%,3.2331,,
18,10/16/00,21.81,21.81,21.50,21.81,1500,0.009464,0.28%,3.4397,,
19,10/13/00,21.62,21.81,21.37,21.75,9200,0.00,0.00%,3.4302,,
20,10/12/00,21.81,22.06,21.75,21.75,30200,-0.058356,-1.67%,3.4302,,
21,10/11/00,22.06,22.12,21.62,22.12,16700,-0.009456,-0.27%,3.4886,,
22,10/10/00,22.48,22.56,22.00,22.18,64400,-0.039429,-1.11%,3.4981,,
23,10/09/00,22.00,22.43,21.87,22.43,23600,0.041003,1.17%,3.5375,,
24,10/06/00,22.00,22.18,22.00,22.17,44300,0.017351,0.50%,3.4965,,
25,10/05/00,22.01,22.18,21.75,22.06,50900,-0.04889,-1.39%,3.4791,,
26,10/04/00,22.25,22.50,22.25,22.37,45300,0.00,0.00%,3.528,,
27,10/03/00,22.50,22.56,22.25,22.37,57600,-0.375357,-9.62%,3.528,,
28,10/02/00,,,,24.75,0,,0.00%,3.9034,,
29,09/29/00,24.25,25.12,23.87,24.75,165000,0.078856,2.06%,3.9034,,
30,09/28/00,23.12,25.25,23.12,24.25,201600,0.197143,5.43%,3.8245,,
31,09/27/00,23.31,23.53,23.00,23.00,119800,-0.067816,-1.84%,3.6274,,
32,09/26/00,23.12,23.50,23.12,23.43,66200,0.00,0.00%,3.6952,,
33,09/25/00,22.37,23.50,22.37,23.43,87000,0.137205,3.86%,3.6952,,
34,09/22/00,21.12,22.81,20.75,22.56,63500,0.227108,6.82%,3.558,,
35,09/21/00,21.12,21.14,21.12,21.12,5800,-0.020504,-0.61%,3.3309,,
36,09/20/00,20.93,21.25,20.93,21.25,8700,0.020504,0.62%,3.3514,,
37,09/19/00,21.06,21.12,20.93,21.12,7900,-0.009467,-0.28%,3.3309,,
38,09/18/00,21.00,21.18,20.87,21.18,25300,0.009467,0.28%,3.3403,,
39,09/15/00,20.25,21.12,20.25,21.12,88100,0.09778,3.02%,3.3309,,
40,09/14/00,20.00,20.50,19.87,20.50,74100,0.059929,1.89%,3.2331,,
41,09/13/00,19.87,20.25,19.87,20.12,27000,0.039431,1.26%,3.1732,,
42,09/12/00,19.93,19.93,19.87,19.87,32100,-0.020506,-0.65%,3.1337,,
43,09/11/00,20.00,20.12,19.93,20.00,29900,0.039432,1.27%,3.1542,,
44,09/08/00,20.00,20.25,19.75,19.75,263200,-0.039432,-1.25%,3.1148,,
45,09/07/00,20.00,20.12,19.93,20.00,43500,0.00,0.00%,3.1542,,
46,09/06/00,20.00,20.06,19.75,20.00,35900,-0.009461,-0.30%,3.1542,,
47,09/05/00,19.75,20.12,19.62,20.06,87100,0.048893,1.57%,3.1637,,
48,09/04/00,,,,19.75,0,,0.00%,3.1148,,
49,09/01/00,19.87,19.93,19.75,19.75,29000,-0.058357,-1.84%,3.1148,,
50,08/31/00,19.75,20.25,19.75,20.12,48500,0.039431,1.26%,3.1732,,
51,08/30/00,20.00,20.06,19.87,19.87,44500,0.00,0.00%,3.1337,,
52,08/29/00,20.25,20.25,19.62,19.87,12100,-0.039431,-1.24%,3.1337,,
53,08/28/00,19.56,20.18,19.56,20.12,22500,0.058357,1.87%,3.1732,,
54,08/25/00,19.62,19.75,19.56,19.75,7800,0.05993,1.96%,3.1148,,
55,08/24/00,19.62,19.62,19.37,19.37,37100,0.00,0.00%,3.0549,,
56,08/23/00,19.50,19.50,19.37,19.37,3600,-0.020506,-0.67%,3.0549,,
57,08/22/00,19.37,19.81,19.37,19.50,11000,0.020506,0.67%,3.0754,,
58,08/21/00,19.62,19.68,19.37,19.37,14300,-0.009464,-0.31%,3.0549,,
59,08/18/00,19.37,19.62,19.37,19.43,11600,-0.011042,-0.36%,3.0643,,
60,08/17/00,19.37,19.50,19.37,19.50,54800,0.020506,0.67%,3.0754,,
61,08/16/00,19.18,19.37,19.12,19.37,59500,0.039429,1.31%,3.0549,,
62,08/15/00,19.12,19.37,19.12,19.12,46600,-0.009464,-0.31%,3.0155,,
63,08/14/00,19.12,19.25,19.00,19.18,4400,0.009464,0.31%,3.0249,,
64,08/11/00,18.50,19.25,18.50,19.12,22200,0.078853,2.69%,3.0155,,
65,08/10/00,18.56,18.68,18.50,18.62,85100,-0.020502,-0.69%,2.9366,,
66,08/09/00,18.75,18.87,18.37,18.75,164100,0.00,0.00%,2.9571,,
67,08/08/00,18.43,18.75,18.18,18.75,11800,0.050469,1.74%,2.9571,,
68,08/07/00,18.50,18.56,18.18,18.43,23300,0.009463,0.33%,2.9066,,
69,08/04/00,18.12,18.75,17.68,18.37,83200,0.029963,1.05%,2.8972,,
70,08/03/00,17.53,18.25,17.43,18.18,48700,0.097781,3.53%,2.8672,,
71,08/02/00,17.18,17.56,17.00,17.56,207900,0.07886,2.93%,2.7694,,
72,08/01/00,17.12,17.18,16.93,17.06,138400,-0.009469,-0.35%,2.6906,,
73,07/31/00,16.81,17.12,16.75,17.12,49300,0.048895,1.84%,2.70,,
74,07/28/00,16.93,16.93,16.56,16.81,36400,-0.009462,-0.36%,2.6511,,
75,07/27/00,16.93,17.00,16.87,16.87,28200,-0.0205,-0.76%,2.6606,,
76,07/26/00,16.93,17.00,16.87,17.00,120700,0.078943,3.03%,2.6811,,
77,07/25/00,16.87,17.06,16.68,16.75,109500,0.020195,0.78%,2.6022,,
78,07/24/00,16.62,16.87,16.50,16.62,27300,0.00,0.00%,2.582,,
79,07/21/00,16.62,17.12,16.56,16.62,24000,0.018642,0.73%,2.582,,
80,07/20/00,16.37,16.50,16.25,16.50,16700,0.010876,0.43%,2.5633,,
81,07/19/00,16.81,16.81,16.25,16.43,18200,-0.029518,-1.14%,2.5524,,
82,07/18/00,16.50,17.06,16.37,16.62,13800,0.018642,0.73%,2.582,,
83,07/17/00,16.25,16.50,16.12,16.50,23000,0.059033,2.36%,2.5633,,
84,07/14/00,16.00,16.25,16.00,16.12,12100,0.00,0.00%,2.5043,,
85,07/13/00,16.06,16.12,15.93,16.12,28900,0.009322,0.37%,2.5043,,
86,07/12/00,15.75,16.25,15.75,16.06,18800,0.048161,1.97%,2.495,,
87,07/11/00,15.68,16.00,15.68,15.75,100100,-0.009321,-0.38%,2.4468,,
88,07/10/00,15.87,16.25,15.68,15.81,28700,0.020195,0.83%,2.4561,,
89,07/07/00,15.81,15.81,15.68,15.68,11300,-0.010874,-0.44%,2.4359,,
90,07/06/00,16.37,16.37,15.75,15.75,101600,-0.088551,-3.49%,2.4468,,
91,07/05/00,16.12,16.50,16.12,16.32,14400,0.021748,0.87%,2.5354,,
92,07/04/00,,,,16.18,0,,0.00%,2.5136,,
93,07/03/00,16.00,16.37,16.00,16.18,8900,-0.010875,-0.43%,2.5136,,
94,06/30/00,15.87,16.25,15.87,16.25,55100,0.059034,2.39%,2.5245,,
95,06/29/00,16.12,16.50,15.62,15.87,35500,-0.059034,-2.34%,2.4655,,
96,06/28/00,16.62,17.00,16.25,16.25,25600,-0.038838,-1.52%,2.5245,,
97,06/27/00,16.43,17.00,16.31,16.50,22900,-0.009324,-0.36%,2.5633,,
98,06/26/00,16.68,16.68,16.43,16.56,40900,-0.018638,-0.72%,2.5726,,
99,06/23/00,17.00,17.09,16.68,16.68,30900,-0.063695,-2.40%,2.5913,,
100,06/22/00,17.31,17.37,17.09,17.09,1200,0.004659,0.18%,2.655,,
101,06/21/00,17.25,17.25,17.06,17.06,5800,-0.029516,-1.10%,2.6503,,
102,06/20/00,17.25,17.25,17.18,17.25,1600,-0.018644,-0.69%,2.6798,,
103,06/19/00,17.37,17.50,17.37,17.37,13000,-0.020195,-0.74%,2.6985,,
104,06/16/00,17.75,17.75,17.43,17.50,42200,-0.038836,-1.41%,2.7187,,
105,06/15/00,17.50,17.81,17.25,17.75,11800,0.01087,0.40%,2.7575,,
106,06/14/00,17.93,18.00,17.31,17.68,29200,-0.038833,-1.39%,2.7466,,
107,06/13/00,17.68,18.00,17.62,17.93,18300,0.018642,0.67%,2.7855,,
108,06/12/00,18.06,18.06,17.62,17.81,48400,-0.029521,-1.06%,2.7668,,
109,06/09/00,18.00,18.06,17.93,18.00,12400,0.029521,1.07%,2.7964,,
110,06/08/00,17.62,18.12,17.62,17.81,14800,-0.009319,-0.34%,2.7668,,
111,06/07/00,17.75,17.87,17.50,17.87,2300,-0.020202,-0.72%,2.7762,,
112,06/06/00,18.62,18.75,18.00,18.00,32500,-0.052818,-1.85%,2.7964,,
113,06/05/00,18.50,18.62,18.25,18.34,5700,-0.024856,-0.86%,2.8492,,
114,06/02/00,16.87,18.56,16.87,18.50,26000,0.233029,8.82%,2.874,,
115,06/01/00,16.31,17.00,16.21,17.00,35600,0.038839,1.49%,2.641,,
116,05/31/00,16.75,16.75,16.75,16.75,1800,0.00,0.00%,2.6022,,
117,05/30/00,16.37,16.75,16.37,16.75,6000,0.00,0.00%,2.6022,,
118,05/29/00,,,,16.75,0,,0.00%,2.6022,,
119,05/26/00,16.18,16.75,16.12,16.75,3000,0.020195,0.78%,2.6022,,
120,05/25/00,16.00,16.62,16.00,16.62,22500,0.05748,2.28%,2.582,,
121,05/24/00,16.06,16.25,15.93,16.25,22500,0.029517,1.18%,2.5245,,
122,05/23/00,15.87,16.12,15.87,16.06,52700,-0.009322,-0.37%,2.495,,
123,05/22/00,16.25,16.25,15.93,16.12,35500,0.00,0.00%,2.5043,,
124,05/19/00,16.06,16.18,16.00,16.12,34900,-0.024855,-0.98%,2.5043,,
125,05/18/00,16.37,16.37,16.00,16.28,33900,-0.05282,-2.05%,2.5291,,
126,05/17/00,16.37,16.62,16.37,16.62,5400,0.018642,0.73%,2.582,,
127,05/16/00,16.37,16.75,16.37,16.50,25300,0.020195,0.79%,2.5633,,
128,05/15/00,16.53,16.62,16.00,16.37,23800,-0.048157,-1.86%,2.5431,,
129,05/12/00,16.62,16.75,16.62,16.68,10700,0.048157,1.89%,2.5913,,
130,05/11/00,16.43,16.43,16.37,16.37,200,-0.009319,-0.37%,2.5431,,
131,05/10/00,17.00,17.00,16.43,16.43,15300,-0.038838,-1.50%,2.5524,,
132,05/09/00,17.00,17.00,16.50,16.68,40400,0.00,0.00%,2.5913,,
133,05/08/00,16.68,16.93,16.68,16.68,42700,-0.010875,-0.42%,2.5913,,
134,05/05/00,16.75,17.12,16.68,16.75,77500,-0.009318,-0.36%,2.6022,,
135,05/04/00,17.18,17.18,16.81,16.81,101800,-0.057483,-2.15%,2.6115,,
136,05/03/00,16.93,17.25,16.75,17.18,176600,0.009316,0.35%,2.669,,
137,05/02/00,17.12,17.31,17.12,17.12,61000,0.00,0.00%,2.6596,,
138,05/01/00,17.25,17.37,16.87,17.12,9300,-0.029513,-1.10%,2.6596,,
139,04/28/00,17.25,17.68,17.18,17.31,56500,0.009321,0.35%,2.6892,,
140,04/27/00,17.12,17.43,16.87,17.25,7100,0.020192,0.76%,2.6798,,
141,04/26/00,17.00,17.50,17.00,17.12,83700,0.014636,0.55%,2.6596,,
142,04/25/00,17.00,17.25,16.87,17.25,130500,0.058268,2.25%,2.645,,
143,04/24/00,17.62,17.75,16.87,16.87,43300,-0.144133,-5.28%,2.5867,,
144,04/21/00,,,,17.81,0,,0.00%,2.7309,,
145,04/20/00,16.25,18.37,16.00,17.81,77000,0.239202,9.60%,2.7309,,
146,04/19/00,16.25,16.37,16.00,16.25,86200,0.00,0.00%,2.4917,,
147,04/18/00,15.62,16.25,15.62,16.25,10700,0.0966,4.03%,2.4917,,
148,04/17/00,15.31,16.06,15.31,15.62,99500,0.009198,0.39%,2.3951,,
149,04/14/00,15.87,16.00,15.12,15.56,83900,-0.085864,-3.47%,2.3859,,
150,04/13/00,16.06,16.21,15.81,16.12,78200,-0.067471,-2.66%,2.4717,,
1,04/12/00,15.53,16.62,15.50,16.56,84600,0.182472,7.74%,2.5392,,
2,04/11/00,16.00,16.06,15.37,15.37,18000,-0.096603,-3.94%,2.3567,,
3,04/10/00,16.37,16.37,16.00,16.00,21800,-0.056734,-2.26%,2.4533,,
4,04/07/00,16.25,16.87,16.18,16.37,9600,0.038336,1.55%,2.5101,,
5,04/06/00,15.73,16.25,15.62,16.12,49500,0.038333,1.58%,2.4717,,
6,04/05/00,15.62,15.87,15.62,15.87,69900,0.009199,0.38%,2.4334,,
7,04/04/00,15.85,16.06,15.50,15.81,13300,-0.009199,-0.38%,2.4242,,
8,04/03/00,15.87,15.87,15.81,15.87,15900,0.009199,0.38%,2.4334,,
9,03/31/00,15.75,15.87,15.75,15.81,30400,0.009198,0.38%,2.4242,,
10,03/30/00,15.87,16.00,15.75,15.75,18900,0.019936,0.83%,2.415,,
11,03/29/00,15.68,16.00,15.62,15.62,33300,0.009198,0.39%,2.3951,,
12,03/28/00,16.93,16.93,15.25,15.56,55000,-0.23,-8.79%,2.3859,,
13,03/27/00,17.87,17.87,16.81,17.06,10500,-0.124198,-4.53%,2.6159,,
14,03/24/00,16.00,17.87,16.00,17.87,42400,0.286732,11.69%,2.7401,,
15,03/23/00,15.68,16.00,15.37,16.00,107600,0.058268,2.43%,2.4533,,
16,03/22/00,15.53,15.84,15.53,15.62,9100,-0.076666,-3.10%,2.3951,,
17,03/21/00,16.06,16.12,14.87,16.12,38200,0.009197,0.37%,2.4717,,
18,03/20/00,15.87,16.37,15.87,16.06,48800,0.029136,1.20%,2.4625,,
19,03/17/00,14.90,16.37,14.62,15.87,40200,0.124199,5.38%,2.4334,,
20,03/16/00,14.00,15.06,14.00,15.06,51700,0.162536,7.57%,2.3092,,
21,03/15/00,13.37,14.12,13.25,14.00,31500,0.096595,4.71%,2.1467,,
22,03/14/00,13.50,13.75,13.37,13.37,55900,-0.009197,-0.45%,2.0501,,
23,03/13/00,14.00,14.00,13.43,13.43,64800,-0.087398,-4.07%,2.0593,,
24,03/10/00,13.81,14.12,13.75,14.00,52000,0.029133,1.38%,2.1467,,
25,03/09/00,13.25,13.87,13.25,13.81,39100,0.067462,3.29%,2.1175,,
26,03/08/00,13.12,13.62,13.12,13.37,52400,0.018403,0.91%,2.0501,,
27,03/07/00,13.87,14.00,13.12,13.25,181700,-0.124198,-5.76%,2.0317,,
28,03/06/00,14.56,14.68,14.00,14.06,50200,-0.124203,-5.45%,2.1559,,
29,03/03/00,15.06,15.12,14.87,14.87,28600,-0.029133,-1.26%,2.2801,,
30,03/02/00,14.87,15.25,14.87,15.06,18100,0.029133,1.28%,2.3092,,
31,03/01/00,14.81,15.12,14.75,14.87,20200,0.009199,0.41%,2.2801,,
32,02/29/00,14.25,14.81,14.25,14.81,28600,0.085867,3.93%,2.2709,,
33,02/28/00,14.75,14.93,14.25,14.25,29000,-0.115003,-5.00%,2.185,,
34,02/25/00,14.87,15.12,14.75,15.00,327200,0.00,0.00%,2.30,,
35,02/24/00,15.00,15.06,14.87,15.00,40500,0.00,0.00%,2.30,,
36,02/23/00,15.00,15.37,14.87,15.00,332800,0.00,0.00%,2.30,,
37,02/22/00,15.62,15.62,14.87,15.00,46000,-0.099661,-4.15%,2.30,,
38,02/21/00,,,,15.65,0,,0.00%,2.3997,,
39,02/18/00,15.75,15.81,15.65,15.65,47800,-0.015337,-0.64%,2.3997,,
40,02/17/00,15.75,16.06,15.62,15.75,45100,-0.018397,-0.76%,2.415,,
41,02/16/00,15.62,15.87,15.62,15.87,65300,0.038333,1.60%,2.4334,,
42,02/15/00,15.56,15.68,15.56,15.62,20300,0.009198,0.39%,2.3951,,
43,02/14/00,15.43,15.68,15.43,15.56,34600,0.00,0.00%,2.3859,,
44,02/11/00,15.43,15.68,15.43,15.56,19400,0.019934,0.84%,2.3859,,
45,02/10/00,15.75,15.75,15.37,15.43,68600,-0.029132,-1.22%,2.3659,,
46,02/09/00,15.62,15.75,15.56,15.62,48200,0.009198,0.39%,2.3951,,
47,02/08/00,15.56,15.81,15.56,15.56,34300,0.00,0.00%,2.3859,,
48,02/07/00,15.50,15.75,15.43,15.56,16900,-0.009198,-0.38%,2.3859,,
49,02/04/00,15.59,15.81,15.59,15.62,25400,-0.019936,-0.83%,2.3951,,
50,02/03/00,15.93,16.00,15.43,15.75,72600,0.029134,1.22%,2.415,,
51,02/02/00,15.56,15.68,15.56,15.56,21800,0.00,0.00%,2.3859,,
52,02/01/00,15.62,15.93,15.31,15.56,17600,0.019934,0.84%,2.3859,,
53,01/31/00,15.37,15.62,15.37,15.43,20500,-0.010734,-0.45%,2.3659,,
54,01/28/00,15.50,15.62,15.12,15.50,28100,0.00,0.00%,2.3767,,
55,01/27/00,15.68,15.87,15.12,15.50,42200,0.00,0.00%,2.3767,,
56,01/26/00,16.18,16.18,15.25,15.50,17300,-0.095064,-3.85%,2.3767,,
57,01/25/00,16.25,16.62,16.12,16.12,27700,-0.058268,-2.30%,2.4717,,
58,01/24/00,15.62,16.93,15.57,16.50,234200,0.169311,7.17%,2.53,,
59,01/21/00,15.25,15.81,15.25,15.62,89900,0.037785,1.63%,2.3607,,
60,01/20/00,16.18,16.18,15.18,15.37,83300,-0.142067,-5.76%,2.3229,,
61,01/19/00,16.56,17.00,16.18,16.31,14300,-0.046852,-1.87%,2.465,,
62,01/18/00,16.87,16.87,16.62,16.62,29400,-0.046851,-1.83%,2.5118,,
63,01/17/00,,,,16.93,0,,0.00%,2.5587,,
64,01/14/00,16.81,17.25,16.81,16.93,19100,0.018136,0.71%,2.5587,,
65,01/13/00,16.43,16.87,16.43,16.81,29800,0.057431,2.31%,2.5405,,
66,01/12/00,16.50,16.50,16.43,16.43,17300,-0.010581,-0.42%,2.4831,,
67,01/11/00,16.62,16.75,16.31,16.50,101800,0.028717,1.17%,2.4937,,
68,01/10/00,16.93,16.93,16.31,16.31,14000,-0.084634,-3.32%,2.465,,
69,01/07/00,16.62,17.00,16.56,16.87,61200,0.046848,1.87%,2.5496,,
70,01/06/00,15.75,16.56,15.75,16.56,93300,0.104286,4.35%,2.5028,,
71,01/05/00,15.84,16.06,15.68,15.87,47800,0.009064,0.38%,2.3985,,
72,01/04/00,16.93,17.00,15.62,15.81,38600,-0.197983,-7.65%,2.3894,,
73,01/03/00,18.43,18.43,16.93,17.12,63700,-0.208563,-7.46%,2.5874,,
74,12/31/99,18.43,18.62,18.43,18.50,20400,0.010579,0.38%,2.796,,
75,12/30/99,18.00,18.75,18.00,18.43,41900,0.064984,2.39%,2.7854,,
76,12/29/99,17.25,18.00,17.25,18.00,50800,0.086145,3.27%,2.7204,,
77,12/28/99,16.93,17.43,16.62,17.43,65700,0.064989,2.53%,2.6343,,
78,12/27/99,17.87,17.87,16.75,17.00,43800,-0.093702,-3.52%,2.5693,,
79,12/24/99,,,,17.62,0,,0.00%,2.663,,
80,12/23/99,18.00,18.18,17.50,17.62,14200,-0.095216,-3.45%,2.663,,
81,12/22/99,18.00,18.25,18.00,18.25,56700,0.037784,1.39%,2.7582,,
82,12/21/99,17.87,18.06,17.87,18.00,7100,0.010584,0.39%,2.7204,,
83,12/20/99,17.93,18.00,17.87,17.93,26700,0.004533,0.17%,2.7098,,
84,12/17/99,18.18,18.18,17.62,17.90,118700,0.033247,1.24%,2.7053,,
85,12/16/99,18.00,18.00,17.43,17.68,31900,-0.028714,-1.06%,2.672,,
86,12/15/99,18.25,18.50,17.81,17.87,82800,-0.057434,-2.08%,2.7007,,
87,12/14/99,18.87,18.93,18.25,18.25,22000,-0.093699,-3.29%,2.7582,,
88,12/13/99,18.93,19.12,18.75,18.87,43000,-0.009072,-0.32%,2.8519,,
89,12/10/99,19.00,19.25,18.93,18.93,20300,-0.010575,-0.37%,2.861,,
90,12/09/99,19.31,19.62,19.00,19.00,103900,-0.04685,-1.61%,2.8715,,
91,12/08/99,19.75,19.81,19.25,19.31,14300,-0.104282,-3.45%,2.9184,,
92,12/07/99,20.00,20.00,19.75,20.00,20900,-0.009071,-0.30%,3.0227,,
93,12/06/99,20.00,20.25,20.00,20.06,18800,-0.046852,-1.52%,3.0317,,
94,12/03/99,20.25,20.37,20.00,20.37,20200,0.037781,1.24%,3.0786,,
95,12/02/99,19.93,20.25,19.93,20.12,49200,0.018142,0.60%,3.0408,,
96,12/01/99,19.75,20.00,19.62,20.00,48900,0.028715,0.96%,3.0227,,
97,11/30/99,20.00,20.06,19.75,19.81,51100,-0.046857,-1.54%,2.9939,,
98,11/29/99,20.25,20.25,20.00,20.12,42800,-0.028708,-0.94%,3.0408,,
99,11/26/99,20.25,20.31,20.12,20.31,4700,0.009064,0.30%,3.0695,,
100,11/25/99,,,,20.25,0,,0.00%,3.0604,,
101,11/24/99,20.31,20.37,20.25,20.25,25900,0.010579,0.35%,3.0604,,
102,11/23/99,20.50,20.56,20.18,20.18,9400,0.00,0.00%,3.0499,,
103,11/22/99,21.50,21.56,20.12,20.18,28200,-0.199497,-6.14%,3.0499,,
104,11/19/99,21.68,21.71,21.25,21.50,17700,0.00,0.00%,3.2494,,
105,11/18/99,21.68,21.75,21.50,21.50,62600,-0.018136,-0.56%,3.2494,,
106,11/17/99,21.62,21.87,21.62,21.62,47600,-0.009066,-0.28%,3.2675,,
107,11/16/99,21.68,21.87,21.68,21.68,8300,-0.015111,-0.46%,3.2766,,
108,11/15/99,21.81,22.00,21.68,21.78,18000,-0.013603,-0.41%,3.2917,,
109,11/12/99,22.00,22.06,21.87,21.87,19400,-0.013601,-0.41%,3.3053,,
110,11/11/99,22.00,22.25,21.50,21.96,48500,-0.024182,-0.72%,3.3189,,
111,11/10/99,21.37,22.25,21.25,22.12,37500,0.055918,1.70%,3.3431,,
112,11/09/99,21.75,21.75,21.12,21.75,22300,-0.018135,-0.55%,3.2871,,
113,11/08/99,21.62,22.00,21.62,21.87,21400,-0.019648,-0.59%,3.3053,,
114,11/05/99,21.56,22.00,21.50,22.00,25500,0.066497,2.04%,3.3249,,
115,11/04/99,20.62,21.62,20.62,21.56,68600,0.151135,4.86%,3.2584,,
116,11/03/99,20.50,20.56,20.37,20.56,68000,0.009069,0.29%,3.1073,,
117,11/02/99,20.00,20.81,20.00,20.50,164100,0.037781,1.23%,3.0982,,
118,11/01/99,20.06,20.37,20.06,20.25,189100,0.010579,0.35%,3.0604,,
119,10/29/99,20.37,20.37,20.18,20.18,146100,-0.028716,-0.93%,3.0499,,
120,10/28/99,20.06,20.50,20.06,20.37,74800,0.066503,2.21%,3.0786,,
121,10/27/99,19.93,20.12,19.93,19.93,44300,0.023301,0.78%,3.0121,,
122,10/26/99,19.81,20.06,19.81,20.00,54200,0.028394,0.96%,2.9888,,
123,10/25/99,19.75,19.93,19.68,19.81,76700,0.008967,0.30%,2.9604,,
124,10/22/99,19.37,20.00,19.37,19.75,100000,0.047817,1.65%,2.9514,,
125,10/21/99,19.43,19.50,19.31,19.43,34000,-0.010455,-0.36%,2.9036,,
126,10/20/99,19.43,19.50,19.40,19.50,5700,0.028389,0.98%,2.9141,,
127,10/19/99,18.93,19.43,18.93,19.31,18100,0.046329,1.63%,2.8857,,
128,10/18/99,18.81,19.00,18.62,19.00,13100,0.019426,0.69%,2.8393,,
129,10/15/99,19.06,19.06,18.62,18.87,37700,-0.037357,-1.31%,2.8199,,
130,10/14/99,19.62,19.71,19.00,19.12,83600,-0.083689,-2.85%,2.8573,,
131,10/13/99,19.75,20.00,19.68,19.68,14700,-0.01046,-0.35%,2.941,,
132,10/12/99,19.87,19.93,19.75,19.75,12800,-0.008967,-0.30%,2.9514,,
133,10/11/99,20.12,20.12,19.81,19.81,10400,-0.028394,-0.95%,2.9604,,
134,10/08/99,20.06,20.12,20.00,20.00,4200,0.00,0.00%,2.9888,,
135,10/07/99,20.56,20.56,20.00,20.00,20000,-0.074717,-2.44%,2.9888,,
136,10/06/99,20.50,20.62,20.43,20.50,32900,-0.017932,-0.58%,3.0635,,
137,10/05/99,20.43,20.62,20.37,20.62,20100,0.017932,0.59%,3.0814,,
138,10/04/99,21.00,21.00,20.50,20.50,78900,-0.037363,-1.20%,3.0635,,
139,10/01/99,20.50,20.81,20.50,20.75,63400,0.00,0.00%,3.1009,,
140,09/30/99,21.00,21.12,20.75,20.75,7800,0.00,0.00%,3.1009,,
141,09/29/99,20.81,20.81,20.50,20.75,133500,0.019431,0.63%,3.1009,,
142,09/28/99,20.18,21.12,18.62,20.62,79500,0.074716,2.48%,3.0814,,
143,09/27/99,21.25,21.37,20.12,20.12,34700,-0.186796,-5.85%,3.0067,,
144,09/24/99,21.50,21.68,21.37,21.37,7500,-0.037358,-1.16%,3.1935,,
145,09/23/99,21.50,21.68,21.50,21.62,7100,0.01793,0.56%,3.2309,,
146,09/22/99,21.37,21.62,21.37,21.50,31300,-0.01793,-0.55%,3.2129,,
147,09/21/99,21.75,21.93,21.37,21.62,15100,-0.037361,-1.14%,3.2309,,
148,09/20/99,21.87,22.06,21.87,21.87,5200,0.00,0.00%,3.2682,,
149,09/17/99,21.62,22.06,21.62,21.87,42200,0.037361,1.16%,3.2682,,
150,09/16/99,21.75,21.81,21.62,21.62,5200,-0.065754,-1.99%,3.2309,,
1,09/15/99,22.00,22.06,21.75,22.06,12700,0.065754,2.04%,3.2966,,
2,09/14/99,21.62,22.00,21.62,21.62,21400,-0.019432,-0.60%,3.2309,,
3,09/13/99,21.75,21.87,21.75,21.75,3500,-0.037359,-1.14%,3.2503,,
4,09/10/99,22.06,22.06,21.87,22.00,25200,0.00,0.00%,3.2877,,
5,09/09/99,21.62,22.12,21.62,22.00,53500,0.056791,1.76%,3.2877,,
6,09/08/99,21.75,22.00,21.62,21.62,22800,-0.056791,-1.73%,3.2309,,
7,09/07/99,21.75,22.00,21.75,22.00,23900,0.037359,1.15%,3.2877,,
8,09/06/99,,,,21.75,0,,0.00%,3.2503,,
9,09/03/99,21.75,22.00,21.75,21.75,27200,0.00,0.00%,3.2503,,
10,09/02/99,21.75,22.00,21.75,21.75,4300,0.00,0.00%,3.2503,,
11,09/01/99,21.62,22.00,21.62,21.75,10900,0.00,0.00%,3.2503,,
12,08/31/99,22.06,22.25,21.75,21.75,34700,-0.046322,-1.41%,3.2503,,
13,08/30/99,22.00,22.31,21.87,22.06,8800,0.008963,0.27%,3.2966,,
14,08/27/99,22.12,22.12,22.00,22.00,17700,0.00,0.00%,3.2877,,
15,08/26/99,22.06,22.25,22.00,22.00,21400,-0.008963,-0.27%,3.2877,,
16,08/25/99,22.56,22.93,22.00,22.06,11900,-0.074719,-2.22%,3.2966,,
17,08/24/99,22.87,23.25,22.50,22.56,5500,-0.017935,-0.53%,3.3713,,
18,08/23/99,23.00,23.25,22.68,22.68,14700,-0.010459,-0.31%,3.3893,,
19,08/20/99,23.25,23.25,22.68,22.75,14100,-0.07472,-2.15%,3.3997,,
20,08/19/99,22.68,23.25,22.68,23.25,4100,0.00,0.00%,3.4745,,
21,08/18/99,22.75,23.25,22.75,23.25,4900,0.07472,2.20%,3.4745,,
22,08/17/99,23.18,23.18,22.75,22.75,7400,-0.037362,-1.09%,3.3997,,
23,08/16/99,22.75,23.25,22.75,23.00,18000,-0.008966,-0.26%,3.4371,,
24,08/13/99,22.37,23.25,22.37,23.06,48100,0.083685,2.49%,3.4461,,
25,08/12/99,21.75,22.50,21.68,22.50,67200,0.112078,3.45%,3.3624,,
26,08/11/99,21.62,21.75,21.50,21.75,77400,0.028394,0.88%,3.2503,,
27,08/10/99,21.87,22.00,21.25,21.56,68000,-0.034373,-1.06%,3.2219,,
28,08/09/99,21.87,22.25,21.79,21.79,52800,-0.020916,-0.64%,3.2563,,
29,08/06/99,22.00,22.25,21.87,21.93,40100,-0.010464,-0.32%,3.2772,,
30,08/05/99,22.87,23.00,22.00,22.00,43900,-0.149438,-4.35%,3.2877,,
31,08/04/99,23.12,23.12,22.87,23.00,22800,-0.008966,-0.26%,3.4371,,
32,08/03/99,23.06,23.25,23.00,23.06,75900,-0.028392,-0.82%,3.4461,,
33,08/02/99,23.06,23.37,23.00,23.25,76000,0.019425,0.56%,3.4745,,
34,07/30/99,23.15,23.25,23.06,23.12,19600,-0.019425,-0.56%,3.455,,
35,07/29/99,22.87,23.25,22.87,23.25,104800,0.019425,0.56%,3.4745,,
36,07/28/99,23.00,23.12,22.87,23.12,16400,0.029565,0.86%,3.455,,
37,07/27/99,22.31,23.31,22.31,23.12,52400,0.120006,3.63%,3.4255,,
38,07/26/99,22.25,22.50,22.18,22.31,27600,0.00889,0.27%,3.3055,,
39,07/23/99,22.00,22.56,22.00,22.25,12200,0.019262,0.59%,3.2966,,
40,07/22/99,22.50,22.56,22.00,22.12,37600,-0.019262,-0.58%,3.2773,,
41,07/21/99,22.12,22.50,22.00,22.25,13000,0.03704,1.14%,3.2966,,
42,07/20/99,22.37,22.75,22.00,22.00,11400,-0.054816,-1.65%,3.2595,,
43,07/19/99,22.50,22.50,22.37,22.37,13000,-0.019267,-0.58%,3.3143,,
44,07/16/99,22.37,22.62,22.37,22.50,42200,-0.017778,-0.53%,3.3336,,
45,07/15/99,22.50,23.00,22.00,22.62,23500,0.017778,0.53%,3.3514,,
46,07/14/99,22.87,22.93,22.50,22.50,38400,-0.074076,-2.17%,3.3336,,
47,07/13/99,23.12,23.25,22.62,23.00,37900,0.00,0.00%,3.4077,,
48,07/12/99,23.00,23.12,22.81,23.00,10600,0.019259,0.57%,3.4077,,
49,07/09/99,22.50,22.93,22.50,22.87,13200,0.017783,0.53%,3.3884,,
50,07/08/99,22.75,23.37,22.50,22.75,17200,0.00,0.00%,3.3706,,
51,07/07/99,23.50,23.50,22.75,22.75,20400,-0.054819,-1.60%,3.3706,,
52,07/06/99,23.62,23.62,23.00,23.12,18100,-0.056304,-1.62%,3.4255,,
53,07/05/99,,,,23.50,0,,0.00%,3.4818,,
54,07/02/99,23.50,23.50,23.00,23.50,9300,0.010375,0.30%,3.4818,,
55,07/01/99,23.00,23.43,23.00,23.43,6300,0.026667,0.77%,3.4714,,
56,06/30/99,23.00,23.43,22.75,23.25,38900,0.037039,1.09%,3.4447,,
57,06/29/99,23.25,23.25,23.00,23.00,13300,0.00,0.00%,3.4077,,
58,06/28/99,23.00,23.25,23.00,23.00,11500,0.00,0.00%,3.4077,,
59,06/25/99,22.25,23.00,22.25,23.00,28100,0.130381,3.98%,3.4077,,
60,06/24/99,22.56,22.75,22.12,22.12,18200,-0.074083,-2.21%,3.2773,,
61,06/23/99,22.87,23.25,22.50,22.62,10700,-0.037039,-1.09%,3.3514,,
62,06/22/99,23.18,23.25,22.87,22.87,13300,-0.056298,-1.63%,3.3884,,
63,06/21/99,23.50,23.50,23.25,23.25,12600,0.00,0.00%,3.4447,,
64,06/18/99,23.68,23.87,23.25,23.25,40700,-0.074081,-2.11%,3.4447,,
65,06/17/99,23.12,23.87,23.12,23.75,40300,0.065189,1.89%,3.5188,,
66,06/16/99,23.37,23.50,23.31,23.31,48000,-0.008888,-0.26%,3.4536,,
67,06/15/99,23.12,23.50,23.12,23.37,48600,0.037042,1.08%,3.4625,,
68,06/14/99,23.18,23.37,23.00,23.12,40800,0.00,0.00%,3.4255,,
69,06/11/99,22.87,23.18,22.87,23.12,11000,0.037036,1.09%,3.4255,,
70,06/10/99,22.87,23.12,22.87,22.87,25400,-0.037036,-1.08%,3.3884,,
71,06/09/99,23.00,23.25,22.87,23.12,37500,0.017777,0.52%,3.4255,,
72,06/08/99,22.87,23.25,22.87,23.00,58300,-0.008889,-0.26%,3.4077,,
73,06/07/99,23.25,23.25,22.87,23.06,68700,0.028148,0.83%,3.4166,,
74,06/04/99,22.87,23.25,22.87,22.87,90700,0.09186,2.79%,3.3884,,
75,06/03/99,22.18,22.81,22.18,22.25,9100,0.010373,0.32%,3.2966,,
76,06/02/99,22.43,22.81,22.12,22.18,78100,-0.028149,-0.85%,3.2862,,
77,06/01/99,22.37,22.43,22.18,22.37,34100,0.037038,1.13%,3.3143,,
78,05/31/99,,,,22.12,0,,0.00%,3.2773,,
79,05/28/99,21.75,22.31,21.75,22.12,12600,0.054818,1.70%,3.2773,,
80,05/27/99,22.00,22.25,21.75,21.75,22300,-0.054818,-1.67%,3.2225,,
81,05/26/99,22.12,22.56,22.12,22.12,14300,0.00,0.00%,3.2773,,
82,05/25/99,22.68,22.68,22.12,22.12,8800,-0.045929,-1.38%,3.2773,,
83,05/24/99,22.00,22.50,22.00,22.43,7800,0.063707,1.95%,3.3232,,
84,05/21/99,22.00,22.37,21.87,22.00,24500,0.00,0.00%,3.2595,,
85,05/20/99,22.00,22.00,21.75,22.00,5100,0.084452,2.66%,3.2595,,
86,05/19/99,21.50,21.87,21.37,21.43,30700,0.008892,0.28%,3.1751,,
87,05/18/99,21.50,21.62,21.37,21.37,18800,-0.037042,-1.16%,3.1662,,
88,05/17/99,21.87,22.00,21.56,21.62,34500,-0.045932,-1.41%,3.2032,,
89,05/14/99,22.50,22.62,21.87,21.93,28000,-0.148156,-4.36%,3.2492,,
90,05/13/99,22.75,23.12,22.75,22.93,11800,-0.004448,-0.13%,3.3973,,
91,05/12/99,23.12,23.12,22.75,22.96,11900,-0.005925,-0.17%,3.4018,,
92,05/11/99,22.87,23.25,22.62,23.00,47500,0.056298,1.68%,3.4077,,
93,05/10/99,22.87,23.00,22.62,22.62,38100,-0.019256,-0.57%,3.3514,,
94,05/07/99,23.00,23.25,22.75,22.75,29000,-0.091861,-2.65%,3.3706,,
95,05/06/99,22.50,23.37,22.00,23.37,42500,0.165938,5.03%,3.4625,,
96,05/05/99,22.00,22.62,22.00,22.25,18400,0.019262,0.59%,3.2966,,
97,05/04/99,22.50,22.50,22.12,22.12,23600,-0.093339,-2.77%,3.2773,,
98,05/03/99,22.87,23.18,22.50,22.75,27800,0.037034,1.11%,3.3706,,
99,04/30/99,23.12,23.12,22.25,22.50,57900,-0.054817,-1.62%,3.3336,,
100,04/29/99,23.00,23.00,22.62,22.87,22300,0.037039,1.11%,3.3884,,
101,04/28/99,22.00,23.12,22.00,22.62,134200,0.121172,3.75%,3.3514,,
102,04/27/99,21.50,22.12,21.50,22.00,48900,0.073413,2.33%,3.2302,,
103,04/26/99,22.00,22.06,21.50,21.50,44400,-0.063135,-1.96%,3.1568,,
104,04/23/99,21.37,22.00,21.37,21.93,37500,0.099841,3.20%,3.2199,,
105,04/22/99,22.00,22.00,21.25,21.25,37700,-0.026427,-0.84%,3.1201,,
106,04/21/99,21.62,21.81,21.37,21.43,18100,-0.064606,-2.01%,3.1465,,
107,04/20/99,22.18,22.18,21.50,21.87,7100,0.008808,0.28%,3.2111,,
108,04/19/99,21.75,22.37,21.50,21.81,28000,-0.045516,-1.40%,3.2023,,
109,04/16/99,21.81,22.50,21.75,22.12,46400,-0.019086,-0.58%,3.2478,,
110,04/15/99,21.50,22.25,21.50,22.25,11700,0.073412,2.30%,3.2669,,
111,04/14/99,20.68,22.25,20.62,21.75,171000,0.157108,5.17%,3.1935,,
112,04/13/99,20.62,20.87,20.25,20.68,28500,0.036708,1.22%,3.0364,,
113,04/12/99,20.43,20.43,20.12,20.43,19500,0.045515,1.54%,2.9997,,
114,04/09/99,20.25,20.75,20.12,20.12,35400,-0.019086,-0.64%,2.9542,,
115,04/08/99,20.75,20.75,20.00,20.25,162200,-0.073416,-2.41%,2.9733,,
116,04/07/99,21.12,21.18,20.75,20.75,8100,-0.054325,-1.75%,3.0467,,
117,04/06/99,22.12,22.37,21.12,21.12,54900,-0.14683,-4.52%,3.101,,
118,04/05/99,22.50,22.56,22.12,22.12,36800,-0.055795,-1.69%,3.2478,,
119,04/02/99,,,,22.50,0,,0.00%,3.3036,,
120,04/01/99,22.37,23.00,22.12,22.50,55500,-0.063133,-1.88%,3.3036,,
121,03/31/99,20.00,23.00,20.00,22.93,173300,0.412585,13.97%,3.3668,,
122,03/30/99,20.25,20.37,20.00,20.12,20100,-0.036708,-1.23%,2.9542,,
123,03/29/99,20.25,20.37,20.25,20.37,14900,0.017622,0.59%,2.9909,,
124,03/26/99,20.37,20.50,20.25,20.25,28900,-0.054324,-1.79%,2.9733,,
125,03/25/99,20.25,20.62,20.25,20.62,86000,0.054324,1.83%,3.0276,,
126,03/24/99,20.00,20.50,19.87,20.25,84700,0.073415,2.53%,2.9733,,
127,03/23/99,20.56,20.62,19.75,19.75,30500,-0.127739,-4.22%,2.8999,,
128,03/22/99,20.68,20.68,20.50,20.62,7600,0.00,0.00%,3.0276,,
129,03/19/99,21.12,21.37,20.50,20.62,94600,-0.045523,-1.48%,3.0276,,
130,03/18/99,21.43,21.50,20.75,20.93,42200,-0.055791,-1.78%,3.0731,,
131,03/17/99,22.12,22.18,21.25,21.31,39900,-0.138019,-4.22%,3.1289,,
132,03/16/99,22.31,22.50,22.18,22.25,15400,-0.008811,-0.27%,3.2669,,
133,03/15/99,22.75,22.75,22.25,22.31,31100,-0.054329,-1.63%,3.2757,,
134,03/12/99,22.12,22.75,22.12,22.68,33900,0.082226,2.53%,3.3301,,
135,03/11/99,22.12,22.50,22.12,22.12,14600,-0.019086,-0.58%,3.2478,,
136,03/10/99,22.00,22.50,22.00,22.25,24300,0.00,0.00%,3.2669,,
137,03/09/99,22.50,22.50,22.00,22.25,25600,0.00,0.00%,3.2669,,
138,03/08/99,23.00,23.43,22.25,22.25,35300,-0.136552,-4.01%,3.2669,,
139,03/05/99,23.25,23.37,23.00,23.18,10000,0.045522,1.36%,3.4035,,
140,03/04/99,23.00,23.06,22.62,22.87,29200,-0.027901,-0.82%,3.358,,
141,03/03/99,23.00,23.25,22.87,23.06,14600,0.036707,1.10%,3.3859,,
142,03/02/99,22.50,23.12,22.50,22.81,31800,0.045515,1.38%,3.3491,,
143,03/01/99,21.62,22.50,21.62,22.50,20900,0.064608,1.99%,3.3036,,
144,02/26/99,21.62,22.12,21.62,22.06,40200,0.064601,2.04%,3.239,,
145,02/25/99,21.75,22.00,21.62,21.62,18000,-0.027898,-0.87%,3.1744,,
146,02/24/99,21.81,22.25,21.81,21.81,39700,-0.008808,-0.27%,3.2023,,
147,02/23/99,21.81,22.12,21.75,21.87,57700,0.008808,0.28%,3.2111,,
148,02/22/99,22.37,22.37,21.81,21.81,9100,-0.064602,-1.98%,3.2023,,
149,02/19/99,22.50,22.75,22.00,22.25,6500,0.00,0.00%,3.2669,,
150,02/18/99,22.25,22.25,21.87,22.25,33000,0.00,0.00%,3.2669,,
1,02/17/99,22.25,22.50,22.12,22.25,56700,-0.036709,-1.11%,3.2669,,
2,02/16/99,22.75,23.25,22.25,22.50,33700,-0.036707,-1.10%,3.3036,,
3,02/15/99,,,,22.75,0,,0.00%,3.3403,,
4,02/12/99,24.00,24.00,22.75,22.75,18500,-0.220238,-6.19%,3.3403,,
5,02/11/99,24.75,24.75,23.50,24.25,37300,-0.036708,-1.02%,3.5606,,
6,02/10/99,23.87,25.37,23.87,24.50,87100,0.11012,3.16%,3.5973,,
7,02/09/99,23.43,23.75,23.25,23.75,54800,0.055793,1.63%,3.4872,,
8,02/08/99,23.12,23.50,22.87,23.37,29600,0.073419,2.19%,3.4314,,
9,02/05/99,23.00,23.37,22.87,22.87,67000,-0.01909,-0.57%,3.358,,
10,02/04/99,22.81,23.12,22.62,23.00,133000,0.00,0.00%,3.377,,
11,02/03/99,23.12,23.12,22.37,23.00,41600,-0.017619,-0.52%,3.377,,
12,02/02/99,22.50,23.12,22.50,23.12,92500,0.09103,2.76%,3.3947,,
13,02/01/99,21.62,22.62,21.50,22.50,44300,0.110121,3.45%,3.3036,,
14,01/29/99,21.75,22.00,21.62,21.75,108000,0.00,0.00%,3.1935,,
15,01/28/99,21.50,22.25,21.50,21.75,14200,0.046988,1.49%,3.1935,,
16,01/27/99,21.75,22.00,21.25,21.43,60500,0.016826,0.54%,3.1465,,
17,01/26/99,21.12,21.50,21.12,21.50,41400,0.018928,0.61%,3.1297,,
18,01/25/99,21.12,21.56,21.12,21.37,32600,0.017471,0.56%,3.1108,,
19,01/22/99,21.50,21.62,21.12,21.25,52600,0.00,0.00%,3.0933,,
20,01/21/99,21.50,21.87,21.00,21.25,114100,-0.072787,-2.30%,3.0933,,
21,01/20/99,22.37,22.37,21.75,21.75,36400,-0.109179,-3.33%,3.1661,,
22,01/19/99,22.00,22.62,22.00,22.50,27800,0.00,0.00%,3.2753,,
23,01/18/99,,,,22.50,0,,0.00%,3.2753,,
24,01/15/99,21.50,22.50,21.50,22.50,28200,0.128098,4.07%,3.2753,,
25,01/14/99,21.75,22.00,21.25,21.62,19900,-0.027656,-0.87%,3.1472,,
26,01/13/99,21.25,22.25,21.25,21.81,225300,0.008737,0.28%,3.1748,,
27,01/12/99,22.25,22.25,21.50,21.75,16400,-0.072785,-2.25%,3.1661,,
28,01/11/99,22.00,22.25,21.87,22.25,9800,-0.017466,-0.54%,3.2389,,
29,01/08/99,20.31,22.37,20.25,22.37,58400,0.21835,7.19%,3.2563,,
30,01/07/99,20.75,20.87,20.12,20.87,32600,0.00,0.00%,3.038,,
31,01/06/99,20.62,21.12,20.62,20.87,23700,0.036392,1.21%,3.038,,
32,01/05/99,20.56,21.50,20.56,20.62,23000,-0.018925,-0.63%,3.0016,,
33,01/04/99,21.00,21.37,20.75,20.75,11000,0.018925,0.63%,3.0205,,
34,01/01/99,,,,20.62,0,,0.00%,3.0016,,
35,12/31/98,21.50,21.75,20.18,20.62,76100,-0.164491,-5.20%,3.0016,,
36,12/30/98,22.43,22.43,21.75,21.75,40300,-0.036396,-1.14%,3.1661,,
37,12/29/98,22.00,22.25,22.00,22.00,9700,-0.062589,-1.92%,3.2025,,
38,12/28/98,22.00,22.50,21.62,22.43,21700,0.098985,3.13%,3.2651,,
39,12/25/98,,,,21.75,0,,0.00%,3.1661,,
40,12/24/98,22.25,22.25,21.62,21.75,4000,0.00,0.00%,3.1661,,
41,12/23/98,22.00,22.12,21.12,21.75,25400,0.027656,0.88%,3.1661,,
42,12/22/98,21.37,22.00,21.00,21.56,18800,0.02766,0.89%,3.1384,,
43,12/21/98,21.00,21.75,21.00,21.37,16200,-0.055316,-1.75%,3.1108,,
44,12/18/98,20.75,21.75,20.75,21.75,38400,0.164491,5.48%,3.1661,,
45,12/17/98,21.50,21.50,20.62,20.62,57300,-0.036392,-1.20%,3.0016,,
46,12/16/98,21.37,21.75,20.87,20.87,19200,-0.072783,-2.34%,3.038,,
47,12/15/98,21.50,22.50,21.37,21.37,66000,0.00,0.00%,3.1108,,
48,12/14/98,22.25,23.00,21.37,21.37,44900,-0.109174,-3.39%,3.1108,,
49,12/11/98,23.56,23.56,22.00,22.12,139500,-0.273668,-7.83%,3.2199,,
50,12/10/98,25.25,25.25,23.37,24.00,258300,-0.171769,-4.69%,3.4936,,
51,12/09/98,25.00,25.50,24.87,25.18,66500,0.008733,0.24%,3.6654,,
52,12/08/98,25.06,25.12,24.87,25.12,78600,0.017467,0.48%,3.6566,,
53,12/07/98,24.93,25.18,24.93,25.00,32100,0.018924,0.52%,3.6392,,
54,12/04/98,24.81,25.00,24.81,24.87,15600,0.00,0.00%,3.6203,,
55,12/03/98,25.50,25.50,24.81,24.87,52100,-0.072783,-1.97%,3.6203,,
56,12/02/98,25.00,25.50,25.00,25.37,66900,0.036392,1.00%,3.693,,
57,12/01/98,27.00,27.00,24.75,25.12,84100,-0.273666,-6.96%,3.6566,,
58,11/30/98,27.18,27.25,26.75,27.00,170200,-0.036391,-0.92%,3.9303,,
59,11/27/98,27.25,27.25,27.00,27.25,5700,-0.090254,-2.22%,3.9667,,
60,11/26/98,,,,27.87,0,,0.00%,4.057,,
61,11/25/98,,,,27.87,0,,0.00%,4.057,,
62,11/24/98,26.37,27.87,26.37,27.87,45800,0.246006,6.46%,4.057,,
63,11/23/98,25.31,26.37,25.31,26.18,36200,0.090255,2.43%,3.811,,
64,11/20/98,25.12,25.62,25.12,25.56,7500,0.008733,0.24%,3.7207,,
65,11/19/98,24.75,25.50,24.75,25.50,11000,0.091708,2.53%,3.712,,
66,11/18/98,24.43,25.00,24.43,24.87,80600,0.045126,1.26%,3.6203,,
67,11/17/98,25.25,25.68,24.25,24.56,39700,-0.190694,-5.06%,3.5751,,
68,11/16/98,25.87,26.00,25.50,25.87,21700,-0.064046,-1.67%,3.7658,,
69,11/13/98,26.12,26.37,25.93,26.31,27100,0.00873,0.23%,3.8299,,
70,11/12/98,25.75,26.25,25.75,26.25,20300,0.036391,0.96%,3.8211,,
71,11/11/98,25.25,26.37,25.25,26.00,39900,0.036395,0.97%,3.7847,,
72,11/10/98,24.50,26.00,24.50,25.75,53600,0.091707,2.51%,3.7484,,
73,11/09/98,25.25,25.50,24.87,25.12,49700,-0.018926,-0.51%,3.6566,,
74,11/06/98,25.00,25.75,24.93,25.25,77900,0.036393,1.00%,3.6756,,
75,11/05/98,24.62,25.00,24.43,25.00,31100,0.109173,3.09%,3.6392,,
76,11/04/98,23.87,24.75,23.87,24.25,75300,0.064054,1.85%,3.53,,
77,11/03/98,24.00,24.00,23.75,23.81,10400,-0.021837,-0.63%,3.466,,
78,11/02/98,24.00,24.06,23.75,23.96,36200,0.004371,0.13%,3.4878,,
79,10/30/98,23.75,23.93,23.25,23.93,45600,0.135375,4.04%,3.4834,,
80,10/29/98,23.00,23.25,22.75,23.00,34200,-0.036394,-1.08%,3.348,,
81,10/28/98,23.00,23.37,23.00,23.25,44100,0.00,0.00%,3.3844,,
82,10/27/98,23.00,23.37,23.00,23.25,98700,0.023291,0.69%,3.3844,,
83,10/26/98,22.93,23.75,22.93,23.09,66500,0.013103,0.39%,3.3611,,
84,10/23/98,23.00,23.12,22.93,23.00,96300,-0.017469,-0.52%,3.348,,
85,10/22/98,23.18,23.25,22.75,23.12,115800,0.00,0.00%,3.3655,,
86,10/21/98,23.50,23.50,23.00,23.12,64900,-0.032278,-0.95%,3.3655,,
87,10/20/98,22.50,23.50,22.50,23.50,89600,0.199526,6.24%,3.3978,,
88,10/19/98,22.00,22.50,21.93,22.12,63100,-0.008672,-0.27%,3.1983,,
89,10/16/98,21.50,23.00,21.00,22.18,92600,0.170612,5.62%,3.2069,,
90,10/15/98,20.75,21.50,20.50,21.00,72400,0.054943,1.84%,3.0363,,
91,10/14/98,20.43,21.00,20.25,20.62,56900,-0.018799,-0.63%,2.9814,,
92,10/13/98,20.00,20.75,20.00,20.75,47900,0.10844,3.75%,3.0002,,
93,10/12/98,20.12,20.37,19.31,20.00,34800,0.072295,2.56%,2.8917,,
94,10/09/98,17.00,19.62,17.00,19.50,79000,0.344118,13.90%,2.8194,,
95,10/08/98,15.25,17.12,15.12,17.12,162000,0.306526,14.13%,2.4753,,
96,10/07/98,18.50,18.50,14.75,15.00,119000,-0.57835,-21.05%,2.1688,,
97,10/06/98,19.75,19.75,18.62,19.00,25100,-0.036145,-1.30%,2.7472,,
98,10/05/98,20.25,20.25,19.25,19.25,22100,-0.089642,-3.12%,2.7833,,
99,10/02/98,19.75,20.25,19.50,19.87,35500,-0.036148,-1.24%,2.8729,,
100,10/01/98,20.31,20.50,19.81,20.12,125100,-0.091094,-3.04%,2.9091,,
101,09/30/98,20.50,20.75,20.25,20.75,154200,-0.026023,-0.86%,3.0002,,
102,09/29/98,19.93,21.00,19.93,20.93,51200,0.170614,5.97%,3.0262,,
103,09/28/98,19.25,20.12,19.00,19.75,78800,0.091086,3.29%,2.8556,,
104,09/25/98,18.75,19.25,18.50,19.12,38400,0.036147,1.32%,2.7645,,
105,09/24/98,19.25,19.25,18.75,18.87,36800,-0.036147,-1.31%,2.7284,,
106,09/23/98,18.25,19.50,18.25,19.12,240700,0.144588,5.52%,2.7645,,
107,09/22/98,18.00,18.12,17.50,18.12,83600,0.072291,2.84%,2.6199,,
108,09/21/98,16.87,18.00,16.87,17.62,52900,0.017354,0.69%,2.5476,,
109,09/18/98,17.56,17.75,17.18,17.50,84000,0.018794,0.75%,2.5303,,
110,09/17/98,17.56,17.68,17.25,17.37,11100,-0.036148,-1.42%,2.5115,,
111,09/16/98,17.25,18.00,17.25,17.62,124100,0.053499,2.14%,2.5476,,
112,09/15/98,17.18,18.00,17.12,17.25,86700,0.018798,0.76%,2.4941,,
113,09/14/98,17.00,18.00,17.00,17.12,330700,0.008675,0.35%,2.4753,,
114,09/11/98,17.00,17.37,17.00,17.06,76600,-0.017349,-0.70%,2.4667,,
115,09/10/98,17.50,17.50,16.75,17.18,38700,-0.046269,-1.83%,2.484,,
116,09/09/98,18.62,18.75,17.50,17.50,57500,-0.144589,-5.41%,2.5303,,
117,09/08/98,18.93,18.93,18.25,18.50,50500,0.072293,2.78%,2.6749,,
118,09/07/98,,,,18.00,0,,0.00%,2.6026,,
119,09/04/98,18.81,18.81,18.00,18.00,19600,-0.098316,-3.64%,2.6026,,
120,09/03/98,18.81,18.87,18.00,18.68,139000,0.026023,0.97%,2.7009,,
121,09/02/98,17.25,19.00,17.25,18.50,60000,0.163383,6.51%,2.6749,,
122,09/01/98,15.50,17.50,15.50,17.37,157700,0.297851,13.46%,2.5115,,
123,08/31/98,18.50,18.50,15.25,15.31,153400,-0.40195,-15.37%,2.2136,,
124,08/28/98,18.62,18.87,17.68,18.09,172700,0.031809,1.23%,2.6156,,
125,08/27/98,20.00,20.00,17.87,17.87,135500,-0.488702,-15.91%,2.5838,,
126,08/26/98,21.50,21.50,20.50,21.25,184600,-0.089646,-2.84%,3.0725,,
127,08/25/98,22.25,22.37,21.75,21.87,42800,-0.018799,-0.59%,3.1621,,
128,08/24/98,22.50,22.75,21.50,22.00,44800,-0.144586,-4.35%,3.1809,,
129,08/21/98,24.25,24.25,22.62,23.00,83900,-0.09832,-2.87%,3.3255,,
130,08/20/98,23.62,24.25,23.50,23.68,75400,-0.010118,-0.29%,3.4238,,
131,08/19/98,23.62,23.75,23.50,23.75,29100,0.00,0.00%,3.4339,,
132,08/18/98,23.50,23.75,23.50,23.75,39300,-0.017351,-0.50%,3.4339,,
133,08/17/98,23.62,24.00,23.62,23.87,29800,0.017351,0.51%,3.4513,,
134,08/14/98,24.12,24.25,23.75,23.75,7600,0.00,0.00%,3.4339,,
135,08/13/98,24.25,24.25,23.75,23.75,24400,-0.044822,-1.29%,3.4339,,
136,08/12/98,23.87,24.06,23.25,24.06,68300,0.063618,1.86%,3.4788,,
137,08/11/98,23.87,24.00,23.25,23.62,54400,-0.091095,-2.60%,3.4151,,
138,08/10/98,23.50,24.25,23.50,24.25,37100,0.018801,0.54%,3.5062,,
139,08/07/98,23.50,24.25,23.50,24.12,38300,0.053498,1.56%,3.4874,,
140,08/06/98,23.25,23.75,22.75,23.75,30600,0.108438,3.26%,3.4339,,
141,08/05/98,23.43,23.50,22.50,23.00,66600,0.00,0.00%,3.3255,,
142,08/04/98,23.56,23.87,22.87,23.00,37300,-0.108438,-3.16%,3.3255,,
143,08/03/98,23.50,23.87,23.25,23.75,379100,0.05494,1.63%,3.4339,,
144,07/31/98,23.62,23.93,23.37,23.37,45900,-0.080963,-2.34%,3.379,,
145,07/30/98,23.75,24.18,23.75,23.93,155200,0.044819,1.31%,3.46,,
146,07/29/98,23.00,23.87,23.00,23.62,49100,0.072563,2.17%,3.4151,,
147,07/28/98,23.12,23.50,22.75,23.25,66500,0.00,0.00%,3.3426,,
148,07/27/98,23.75,23.75,23.00,23.25,64500,-0.089135,-2.60%,3.3426,,
149,07/24/98,24.50,24.62,23.75,23.87,39600,-0.116455,-3.28%,3.4317,,
150,07/23/98,25.00,25.06,24.50,24.68,31600,-0.063255,-1.75%,3.5482,,
1,07/22/98,25.50,25.75,24.87,25.12,58400,-0.054629,-1.49%,3.6114,,
2,07/21/98,25.50,25.87,25.37,25.50,30700,0.00,0.00%,3.6661,,
3,07/20/98,26.00,26.00,25.12,25.50,73500,-0.089139,-2.37%,3.6661,,
4,07/17/98,26.12,26.56,26.12,26.12,14000,-0.035941,-0.95%,3.7552,,
5,07/16/98,26.37,26.37,26.00,26.37,46100,0.044572,1.19%,3.7911,,
6,07/15/98,26.75,26.75,26.00,26.06,114700,-0.06326,-1.66%,3.7466,,
7,07/14/98,26.50,26.87,26.50,26.50,25200,-0.03594,-0.93%,3.8098,,
8,07/13/98,26.81,26.81,26.56,26.75,9500,-0.035948,-0.93%,3.8458,,
9,07/10/98,27.00,27.12,26.78,27.00,22700,0.035948,0.93%,3.8817,,
10,07/09/98,26.62,26.87,26.50,26.75,29700,0.018689,0.49%,3.8458,,
11,07/08/98,26.50,26.87,26.50,26.62,38700,-0.035944,-0.93%,3.8271,,
12,07/07/98,27.25,27.43,26.50,26.87,67100,-0.090572,-2.29%,3.863,,
13,07/06/98,27.50,28.00,27.25,27.50,24600,-0.035944,-0.90%,3.9536,,
14,07/03/98,,,,27.75,0,,0.00%,3.9895,,
15,07/02/98,27.50,28.00,27.50,27.75,26200,0.018693,0.47%,3.9895,,
16,07/01/98,27.50,27.87,27.50,27.62,35400,-0.018693,-0.47%,3.9708,,
17,06/30/98,28.25,28.50,27.62,27.75,43600,-0.089132,-2.19%,3.9895,,
18,06/29/98,28.25,28.50,28.25,28.37,91800,0.008627,0.21%,4.0787,,
19,06/26/98,28.00,28.62,28.00,28.31,34600,0.044567,1.11%,4.07,,
20,06/25/98,27.75,28.12,27.75,28.00,24200,-0.008626,-0.21%,4.0255,,
21,06/24/98,27.75,28.12,27.75,28.06,86700,0.008626,0.21%,4.0341,,
22,06/23/98,28.00,28.25,27.75,28.00,28200,-0.017255,-0.43%,4.0255,,
23,06/22/98,28.00,28.25,27.75,28.12,69900,-0.054628,-1.33%,4.0427,,
24,06/19/98,27.62,28.62,27.62,28.50,26500,0.126514,3.19%,4.0974,,
25,06/18/98,27.50,28.12,27.50,27.62,36000,-0.018693,-0.47%,3.9708,,
26,06/17/98,27.00,28.00,27.00,27.75,40800,0.046009,1.17%,3.9895,,
27,06/16/98,28.25,28.43,26.50,27.43,134600,-0.162455,-3.96%,3.9435,,
28,06/15/98,28.50,28.87,28.37,28.56,81000,0.186896,4.77%,4.106,,
29,06/12/98,27.38,27.50,27.14,27.26,147500,-0.034506,-0.87%,3.9191,,
30,06/11/98,27.68,27.98,27.14,27.50,85700,-0.017251,-0.43%,3.9536,,
31,06/10/98,28.10,28.10,27.62,27.62,28000,-0.043129,-1.07%,3.9708,,
32,06/09/98,27.86,28.10,27.62,27.92,84000,0.069007,1.75%,4.014,,
33,06/08/98,27.98,27.98,27.44,27.44,30000,-0.025878,-0.65%,3.945,,
34,06/05/98,27.38,27.62,27.26,27.62,69200,-0.017251,-0.43%,3.9708,,
35,06/04/98,27.74,27.98,27.38,27.74,66200,0.02588,0.65%,3.9881,,
36,06/03/98,27.20,27.74,27.20,27.56,121500,0.051754,1.32%,3.9622,,
37,06/02/98,27.14,27.50,27.14,27.20,90100,0.00,0.00%,3.9105,,
38,06/01/98,27.14,27.50,27.14,27.20,53700,-0.060383,-1.52%,3.9105,,
39,05/29/98,27.50,27.62,27.14,27.62,29400,0.038816,0.99%,3.9708,,
40,05/28/98,27.26,27.50,27.20,27.35,14200,-0.021565,-0.55%,3.932,,
41,05/27/98,27.14,27.50,27.14,27.50,94800,0.086262,2.23%,3.9536,,
42,05/26/98,,,,26.90,0,,0.00%,3.8673,,
43,05/25/98,,,,26.90,0,,0.00%,3.8673,,
44,05/22/98,27.02,27.02,26.79,26.90,48300,-0.017255,-0.44%,3.8673,,
45,05/21/98,26.90,27.02,26.79,27.02,38800,0.00,0.00%,3.8846,,
46,05/20/98,27.14,27.14,26.79,27.02,41200,0.017255,0.45%,3.8846,,
47,05/19/98,26.79,27.02,26.79,26.90,106300,0.01581,0.41%,3.8673,,
48,05/18/98,26.67,27.02,26.67,26.79,92100,-0.008622,-0.22%,3.8515,,
49,05/15/98,26.90,26.90,26.55,26.85,16900,0.025879,0.67%,3.8601,,
50,05/14/98,26.67,26.90,26.55,26.67,28000,-0.00863,-0.22%,3.8343,,
51,05/13/98,26.73,26.73,26.55,26.73,196100,0.00863,0.23%,3.8429,,
52,05/12/98,26.67,26.90,26.43,26.67,57000,0.0345,0.91%,3.8343,,
53,05/11/98,26.67,26.79,26.43,26.43,66800,0.00,0.00%,3.7998,,
54,05/08/98,25.95,26.55,25.95,26.43,85400,0.043132,1.15%,3.7998,,
55,05/07/98,26.55,26.67,26.07,26.13,39800,-0.077632,-2.02%,3.7566,,
56,05/06/98,26.43,26.79,26.43,26.67,41500,0.00,0.00%,3.8343,,
57,05/05/98,27.02,27.02,26.43,26.67,34800,-0.033067,-0.86%,3.8343,,
58,05/04/98,27.02,27.14,26.43,26.90,113100,0.050317,1.32%,3.8673,,
59,05/01/98,26.90,27.02,26.43,26.55,53700,-0.050317,-1.30%,3.817,,
60,04/30/98,26.79,26.90,26.55,26.90,9100,0.050317,1.32%,3.8673,,
61,04/29/98,26.31,26.79,26.31,26.55,49300,-0.01725,-0.45%,3.817,,
62,04/28/98,26.55,26.79,26.25,26.67,86700,0.043126,1.14%,3.8343,,
63,04/27/98,26.43,26.90,26.19,26.37,121200,-0.119323,-3.05%,3.7911,,
64,04/24/98,27.38,27.38,27.02,27.20,66800,0.017252,0.44%,3.9105,,
65,04/23/98,26.96,27.26,26.67,27.08,171400,0.025878,0.67%,3.8932,,
66,04/22/98,26.67,26.90,26.55,26.90,71200,0.045815,1.20%,3.8673,,
67,04/21/98,26.58,26.88,26.58,26.70,58400,0.00,0.00%,3.8215,,
68,04/20/98,26.58,26.94,26.46,26.70,119500,-0.051529,-1.33%,3.8215,,
69,04/17/98,25.63,27.65,25.51,27.06,71200,0.170326,4.60%,3.873,,
70,04/16/98,26.23,26.28,25.81,25.87,13200,-0.051527,-1.37%,3.7027,,
71,04/15/98,26.34,26.34,25.75,26.23,64500,0.00,0.00%,3.7542,,
72,04/14/98,25.87,26.34,25.87,26.23,61400,0.00,0.00%,3.7542,,
73,04/13/98,25.87,26.23,25.39,26.23,106600,0.103048,2.82%,3.7542,,
74,04/10/98,,,,25.51,0,,0.00%,3.6512,,
75,04/09/98,24.21,25.51,23.73,25.51,118500,0.203248,5.89%,3.6512,,
76,04/08/98,23.85,24.09,23.73,24.09,59100,0.051525,1.52%,3.4479,,
77,04/07/98,23.73,24.09,23.56,23.73,98200,-0.051525,-1.49%,3.3964,,
78,04/06/98,24.33,24.92,24.09,24.09,75300,-0.042939,-1.23%,3.4479,,
79,04/03/98,24.89,25.75,24.21,24.39,206200,-0.075859,-2.13%,3.4909,,
80,04/02/98,23.85,24.92,23.73,24.92,198800,0.161732,4.75%,3.5667,,
81,04/01/98,23.14,23.85,23.14,23.79,135300,0.075857,2.28%,3.405,,
82,03/31/98,23.26,23.26,23.02,23.26,28700,0.068702,2.11%,3.3292,,
83,03/30/98,23.50,23.50,22.70,22.78,62400,-0.068702,-2.06%,3.2605,,
84,03/27/98,23.08,23.26,23.02,23.26,24000,0.017176,0.52%,3.3292,,
85,03/26/98,23.02,23.26,22.78,23.14,29000,-0.034348,-1.03%,3.312,,
86,03/25/98,23.73,23.73,22.84,23.38,48900,-0.041508,-1.23%,3.3463,,
87,03/24/98,23.61,23.73,23.02,23.67,107300,0.05868,1.76%,3.3878,,
88,03/23/98,22.90,23.26,22.67,23.26,52300,0.051528,1.57%,3.3292,,
89,03/20/98,23.14,23.14,22.78,22.90,59700,-0.017174,-0.52%,3.2776,,
90,03/19/98,23.02,23.02,22.78,23.02,46900,0.017174,0.52%,3.2948,,
91,03/18/98,23.26,23.26,22.90,22.90,88100,0.00,0.00%,3.2776,,
92,03/17/98,22.90,23.26,22.90,22.90,53700,-0.008587,-0.26%,3.2776,,
93,03/16/98,23.38,23.38,22.90,22.96,48300,-0.042941,-1.29%,3.2862,,
94,03/13/98,23.38,23.38,23.02,23.26,39800,0.051528,1.57%,3.3292,,
95,03/12/98,23.26,23.26,22.90,22.90,62400,0.00,0.00%,3.2776,,
96,03/11/98,23.38,23.38,22.90,22.90,41500,-0.051528,-1.55%,3.2776,,
97,03/10/98,23.38,23.38,23.02,23.26,111400,0.00,0.00%,3.3292,,
98,03/09/98,23.38,23.38,23.08,23.26,108300,0.00,0.00%,3.3292,,
99,03/06/98,23.38,23.38,23.14,23.26,89400,-0.017172,-0.51%,3.3292,,
100,03/05/98,22.31,23.50,22.31,23.38,62100,0.085874,2.63%,3.3463,,
101,03/04/98,23.02,23.14,22.43,22.78,52000,0.00,0.00%,3.2605,,
102,03/03/98,23.02,23.26,22.67,22.78,85400,-0.042939,-1.30%,3.2605,,
103,03/02/98,23.50,23.67,23.02,23.08,101600,-0.11021,-3.23%,3.3034,,
104,02/27/98,23.73,23.91,23.61,23.85,97500,0.034354,1.02%,3.4136,,
105,02/26/98,23.61,23.97,23.50,23.61,116400,0.015744,0.47%,3.3792,,
106,02/25/98,23.73,23.97,23.50,23.50,205500,0.025762,0.77%,3.3635,,
107,02/24/98,22.49,23.38,22.49,23.32,223100,0.118794,3.69%,3.3377,,
108,02/23/98,22.43,22.78,22.07,22.49,245400,0.025764,0.81%,3.2189,,
109,02/20/98,22.01,22.43,21.83,22.31,148200,0.042944,1.36%,3.1932,,
110,02/19/98,21.30,22.07,21.24,22.01,195400,0.101618,3.33%,3.1502,,
111,02/18/98,20.65,21.48,20.65,21.30,157600,0.075855,2.55%,3.0486,,
112,02/17/98,20.65,21.18,20.53,20.77,73900,0.08588,2.97%,2.9728,,
113,02/16/98,,,,20.17,0,,0.00%,2.8869,,
114,02/13/98,20.05,20.59,20.05,20.17,293300,-0.051524,-1.75%,2.8869,,
115,02/12/98,20.17,20.53,20.17,20.53,42200,0.017171,0.59%,2.9384,,
116,02/11/98,19.94,20.53,19.94,20.41,7800,0.034353,1.19%,2.9212,,
117,02/10/98,20.00,20.47,19.94,20.17,318300,0.032921,1.15%,2.8869,,
118,02/09/98,19.82,20.05,19.82,19.94,32100,0.00,0.00%,2.854,,
119,02/06/98,20.29,20.29,19.82,19.94,49300,0.00,0.00%,2.854,,
120,02/05/98,20.29,20.29,19.94,19.94,37800,-0.00859,-0.30%,2.854,,
121,02/04/98,19.94,20.23,19.94,20.00,9400,0.00859,0.30%,2.8626,,
122,02/03/98,19.94,20.17,19.76,19.94,973000,-0.032921,-1.14%,2.854,,
123,02/02/98,19.94,20.29,19.94,20.17,46900,0.00,0.00%,2.8869,,
124,01/30/98,20.05,20.17,19.94,20.17,60100,-0.051524,-1.75%,2.8869,,
125,01/29/98,20.17,20.65,20.05,20.53,53000,0.051524,1.78%,2.9384,,
126,01/28/98,20.29,20.65,20.05,20.17,33400,0.042288,1.49%,2.8869,,
127,01/27/98,20.33,20.33,19.86,19.98,15500,-0.025624,-0.89%,2.8446,,
128,01/26/98,20.10,20.33,19.98,20.16,38500,0.008541,0.30%,2.8702,,
129,01/23/98,20.69,20.69,20.10,20.10,204200,-0.017084,-0.59%,2.8617,,
130,01/22/98,20.81,20.81,20.22,20.22,29700,0.00,0.00%,2.8788,,
131,01/21/98,20.57,20.69,20.10,20.22,55700,-0.049828,-1.70%,2.8788,,
132,01/20/98,20.45,21.28,20.33,20.57,92100,-0.034172,-1.15%,2.9286,,
133,01/19/98,,,,20.81,0,,0.00%,2.9628,,
134,01/16/98,20.33,21.16,20.33,20.81,145100,0.06834,2.36%,2.9628,,
135,01/15/98,19.86,20.33,19.86,20.33,143100,0.01566,0.54%,2.8944,,
136,01/14/98,19.86,20.33,19.74,20.22,48600,0.092543,3.32%,2.8788,,
137,01/13/98,20.10,20.57,19.51,19.57,82400,-0.007118,-0.25%,2.7862,,
138,01/12/98,18.44,20.57,17.73,19.62,182600,0.116744,4.36%,2.7933,,
139,01/09/98,19.39,19.51,18.56,18.80,182600,-0.125285,-4.47%,2.6766,,
140,01/08/98,20.69,21.04,19.51,19.68,61100,-0.169425,-5.70%,2.8019,,
141,01/07/98,21.40,21.63,20.57,20.87,44200,-0.092538,-3.02%,2.9713,,
142,01/06/98,21.63,21.87,21.28,21.52,38800,-0.108205,-3.41%,3.0638,,
143,01/05/98,21.52,22.34,21.28,22.28,50300,0.159455,5.29%,3.172,,
144,01/02/98,22.46,22.46,21.16,21.16,54000,-0.185083,-5.79%,3.0126,,
145,01/01/98,,,,22.46,0,,0.00%,3.1977,,
146,12/31/97,22.70,22.88,22.34,22.46,56400,-0.051255,-1.58%,3.1977,,
147,12/30/97,22.22,22.99,22.22,22.82,62400,0.092543,2.93%,3.2489,,
148,12/29/97,21.75,22.46,21.75,22.17,37500,0.008543,0.27%,3.1564,,
149,12/26/97,21.75,22.11,21.75,22.11,3400,-0.015665,-0.50%,3.1478,,
150,12/25/97,,,,22.22,0,,0.00%,3.1635,,
1,12/24/97,22.11,22.22,21.75,22.22,4700,0.015665,0.50%,3.1635,,
2,12/23/97,21.63,22.11,21.63,22.11,14800,0.068334,2.22%,3.1478,,
3,12/22/97,21.99,22.46,21.63,21.63,34800,-0.083999,-2.66%,3.0795,,
4,12/19/97,22.11,22.22,21.75,22.22,25300,-0.034166,-1.07%,3.1635,,
5,12/18/97,23.53,23.53,22.11,22.46,75300,-0.135253,-4.06%,3.1977,,
6,12/17/97,23.05,23.76,23.05,23.41,70500,0.051251,1.56%,3.3329,,
7,12/16/97,22.46,23.29,22.46,23.05,54700,0.058373,1.81%,3.2817,,
8,12/15/97,21.99,22.70,21.99,22.64,22300,0.07546,2.40%,3.2233,,
9,12/12/97,21.87,22.46,21.87,22.11,13200,-0.015665,-0.50%,3.1478,,
10,12/11/97,22.70,22.70,21.87,22.22,85400,-0.093962,-2.88%,3.1635,,
11,12/10/97,23.17,23.29,22.70,22.88,90100,-0.041285,-1.25%,3.2575,,
12,12/09/97,23.53,23.58,23.17,23.17,2400,-0.051257,-1.53%,3.2988,,
13,12/08/97,24.00,24.18,23.35,23.53,152900,-0.083999,-2.45%,3.35,,
14,12/05/97,23.88,24.35,23.88,24.12,66200,0.017087,0.50%,3.434,,
15,12/04/97,24.00,24.23,23.64,24.00,242700,0.051252,1.52%,3.4169,,
16,12/03/97,23.05,24.00,22.82,23.64,133300,0.101082,3.10%,3.3657,,
17,12/02/97,22.34,23.05,22.34,22.93,56700,0.032749,1.01%,3.2646,,
18,12/01/97,21.99,22.70,21.99,22.70,41500,0.101081,3.23%,3.2318,,
19,11/28/97,22.58,22.70,21.99,21.99,31700,-0.049828,-1.57%,3.1308,,
20,11/27/97,,,,22.34,0,,0.00%,3.1806,,
21,11/26/97,22.11,22.34,21.81,22.34,24600,0.049828,1.59%,3.1806,,
22,11/25/97,21.87,21.99,21.63,21.99,14500,0.051251,1.66%,3.1308,,
23,11/24/97,21.52,21.87,21.52,21.63,75900,-0.008537,-0.28%,3.0795,,
24,11/21/97,21.75,21.75,21.52,21.69,21300,-0.008544,-0.28%,3.088,,
25,11/20/97,21.52,21.75,21.52,21.75,3000,0.017081,0.55%,3.0966,,
26,11/19/97,21.28,21.75,21.28,21.63,17900,0.015668,0.51%,3.0795,,
27,11/18/97,21.40,21.52,21.28,21.52,20900,0.017081,0.56%,3.0638,,
28,11/17/97,21.28,21.52,21.16,21.40,51600,0.034169,1.13%,3.0468,,
29,11/14/97,20.92,21.22,20.92,21.16,243300,-0.008544,-0.28%,3.0126,,
30,11/13/97,20.92,21.28,20.92,21.22,20200,0.042714,1.43%,3.0211,,
31,11/12/97,21.04,21.28,20.92,20.92,19900,-0.025629,-0.85%,2.9784,,
32,11/11/97,21.28,21.28,20.81,21.10,152900,0.008544,0.29%,3.0041,,
33,11/10/97,20.92,21.28,20.69,21.04,112700,0.032744,1.11%,2.9955,,
34,11/07/97,20.33,21.04,20.33,20.81,74600,-0.083998,-2.76%,2.9628,,
35,11/06/97,20.81,21.46,20.81,21.40,77300,0.051254,1.71%,3.0468,,
36,11/05/97,20.33,21.10,20.33,21.04,30400,0.058373,1.99%,2.9955,,
37,11/04/97,20.33,20.69,20.10,20.63,22600,0.02563,0.88%,2.9371,,
38,11/03/97,19.98,20.81,19.98,20.45,80000,0.066908,2.35%,2.9115,,
39,10/31/97,19.86,20.45,19.86,19.98,53000,0.00,0.00%,2.8446,,
40,10/30/97,19.86,19.98,19.51,19.98,74600,-0.066908,-2.30%,2.8446,,
41,10/29/97,19.74,20.92,19.74,20.45,119800,0.118166,4.23%,2.9115,,
42,10/28/97,17.73,19.74,17.38,19.62,419500,0.209291,8.10%,2.7933,,
43,10/27/97,20.69,20.69,18.09,18.15,102300,-0.291992,-10.15%,2.584,,
44,10/24/97,20.98,20.98,20.16,20.28,85700,-0.041123,-1.41%,2.876,,
45,10/23/97,20.87,21.10,20.51,20.57,53300,-0.126218,-4.15%,2.9172,,
46,10/22/97,21.34,21.46,20.87,21.46,25000,0.051053,1.71%,3.0434,,
47,10/21/97,20.63,21.22,20.63,21.10,46600,0.083674,2.88%,2.9923,,
48,10/20/97,20.28,20.63,20.28,20.51,7400,0.032614,1.13%,2.9087,,
49,10/17/97,21.10,21.16,20.28,20.28,45600,-0.133309,-4.43%,2.876,,
50,10/16/97,21.69,21.93,21.22,21.22,24300,-0.066651,-2.17%,3.0094,,
51,10/15/97,21.57,21.81,21.57,21.69,74600,0.00,0.00%,3.076,,
52,10/14/97,21.69,21.81,21.46,21.69,36800,0.032619,1.07%,3.076,,
53,10/13/97,21.69,22.04,21.46,21.46,69900,0.034032,1.13%,3.0434,,
54,10/10/97,20.75,21.69,20.63,21.22,77300,-0.017015,-0.56%,3.0094,,
55,10/09/97,21.46,21.57,20.87,21.34,63800,-0.017017,-0.56%,3.0264,,
56,10/08/97,22.28,22.75,20.98,21.46,131300,-0.049638,-1.60%,3.0434,,
57,10/07/97,22.04,22.52,21.81,21.81,101600,0.017019,0.55%,3.093,,
58,10/06/97,21.10,22.16,21.10,21.69,261600,0.133309,4.53%,3.076,,
59,10/03/97,20.28,20.98,20.16,20.75,136700,0.083669,2.93%,2.9427,,
60,10/02/97,19.33,20.28,19.33,20.16,59700,0.083673,3.01%,2.859,,
61,10/01/97,19.22,19.57,18.98,19.57,52300,0.049636,1.82%,2.7754,,
62,09/30/97,18.98,19.33,18.98,19.22,30400,0.034038,1.26%,2.7257,,
63,09/29/97,19.10,19.10,18.98,18.98,5700,-0.017018,-0.63%,2.6917,,
64,09/26/97,19.10,19.10,18.86,19.10,28700,0.00,0.00%,2.7087,,
65,09/25/97,18.98,19.10,18.86,19.10,65100,0.034036,1.27%,2.7087,,
66,09/24/97,18.86,19.10,18.86,18.86,64800,-0.034036,-1.26%,2.6747,,
67,09/23/97,18.74,19.10,18.74,19.10,96200,0.017018,0.63%,2.7087,,
68,09/22/97,18.86,18.98,18.63,18.98,37800,0.017018,0.64%,2.6917,,
69,09/19/97,18.63,18.98,18.63,18.86,74600,0.01702,0.64%,2.6747,,
70,09/18/97,18.27,18.98,18.27,18.74,231500,0.049629,1.90%,2.6576,,
71,09/17/97,18.39,18.51,18.27,18.39,61100,-0.017016,-0.65%,2.608,,
72,09/16/97,18.27,18.74,18.27,18.51,744500,0.017016,0.65%,2.625,,
73,09/15/97,18.15,18.51,18.15,18.39,56400,0.00,0.00%,2.608,,
74,09/12/97,18.15,18.39,18.15,18.39,5700,0.034043,1.32%,2.608,,
75,09/11/97,18.15,18.27,18.04,18.15,4400,0.00,0.00%,2.574,,
76,09/10/97,18.04,18.39,18.04,18.15,20200,0.015597,0.61%,2.574,,
77,09/09/97,18.15,18.39,18.04,18.04,26000,-0.024111,-0.93%,2.5584,,
78,09/08/97,18.39,18.51,18.15,18.21,45200,-0.025529,-0.98%,2.5825,,
79,09/05/97,18.74,18.74,18.15,18.39,82700,-0.008505,-0.33%,2.608,,
80,09/04/97,18.15,18.98,18.15,18.45,242700,0.034034,1.32%,2.6165,,
81,09/03/97,18.21,18.39,18.15,18.21,34100,0.008514,0.33%,2.5825,,
82,09/02/97,18.15,18.15,17.92,18.15,24600,-0.051059,-1.95%,2.574,,
83,09/01/97,,,,18.51,0,,0.00%,2.625,,
84,08/29/97,17.45,18.51,17.45,18.51,97500,0.141815,5.71%,2.625,,
85,08/28/97,17.45,17.68,17.45,17.51,22600,0.00,0.00%,2.4832,,
86,08/27/97,17.68,17.92,17.45,17.51,170100,-0.032615,-1.30%,2.4832,,
87,08/26/97,17.92,17.92,17.57,17.74,200800,0.008511,0.34%,2.5158,,
88,08/25/97,17.68,17.92,17.68,17.68,15500,-0.017021,-0.67%,2.5073,,
89,08/22/97,18.04,18.04,17.57,17.80,430300,-0.017018,-0.67%,2.5243,,
90,08/21/97,18.15,18.15,17.92,17.92,35800,-0.00851,-0.33%,2.5414,,
91,08/20/97,17.92,18.04,17.92,17.98,478600,-0.008506,-0.33%,2.5499,,
92,08/19/97,17.92,18.15,17.92,18.04,50300,-0.015597,-0.61%,2.5584,,
93,08/18/97,17.86,18.15,17.86,18.15,26000,0.024103,0.95%,2.574,,
94,08/15/97,18.04,18.27,17.92,17.98,43200,-0.024103,-0.94%,2.5499,,
95,08/14/97,18.27,18.27,17.92,18.15,27000,-0.017021,-0.66%,2.574,,
96,08/13/97,18.15,18.27,17.92,18.27,42900,0.049634,1.95%,2.591,,
97,08/12/97,18.15,18.15,17.92,17.92,13800,0.00,0.00%,2.5414,,
98,08/11/97,18.04,18.04,17.80,17.92,44200,0.008512,0.34%,2.5414,,
99,08/08/97,17.92,17.92,17.80,17.86,45600,-0.017022,-0.67%,2.5328,,
100,08/07/97,18.21,18.27,17.92,17.98,184600,-0.041124,-1.59%,2.5499,,
101,08/06/97,18.27,18.39,18.15,18.27,244400,-0.00851,-0.33%,2.591,,
102,08/05/97,18.39,18.39,18.27,18.33,48300,0.00851,0.33%,2.5995,,
103,08/04/97,18.27,18.39,18.27,18.27,156300,0.017021,0.66%,2.591,,
104,08/01/97,18.39,18.39,18.15,18.15,37500,0.00,0.00%,2.574,,
105,07/31/97,18.15,18.39,18.15,18.15,82700,-0.017021,-0.66%,2.574,,
106,07/30/97,18.15,18.51,18.04,18.27,84400,-0.034038,-1.30%,2.591,,
107,07/29/97,18.15,18.51,18.15,18.51,8100,0.051059,1.98%,2.625,,
108,07/28/97,18.39,18.51,18.15,18.15,51000,-0.034043,-1.31%,2.574,,
109,07/25/97,18.39,18.51,18.27,18.39,41200,0.017022,0.66%,2.608,,
110,07/24/97,18.04,18.27,18.04,18.27,8400,0.017021,0.66%,2.591,,
111,07/23/97,18.04,18.15,17.92,18.15,11500,0.032613,1.28%,2.574,,
112,07/22/97,17.45,17.92,17.45,17.92,32100,0.049633,1.99%,2.5414,,
113,07/21/97,17.68,17.80,17.45,17.57,15200,-0.00709,-0.28%,2.4917,,
114,07/18/97,18.15,18.39,17.33,17.62,124200,-0.075156,-2.92%,2.4988,,
115,07/17/97,18.27,18.39,18.15,18.15,25300,-0.051059,-1.95%,2.574,,
116,07/16/97,18.15,18.51,18.15,18.51,13800,0.042545,1.65%,2.625,,
117,07/15/97,18.04,18.27,18.04,18.21,8100,0.008514,0.33%,2.5825,,
118,07/14/97,18.39,18.39,18.04,18.15,15900,-0.008514,-0.33%,2.574,,
119,07/11/97,18.27,18.27,18.04,18.21,9800,0.008514,0.33%,2.5825,,
120,07/10/97,18.15,18.39,18.15,18.15,17200,-0.017021,-0.66%,2.574,,
121,07/09/97,18.74,18.74,18.27,18.27,29000,-0.017022,-0.65%,2.591,,
122,07/08/97,18.63,18.74,18.39,18.39,52000,-0.017016,-0.65%,2.608,,
123,07/07/97,18.74,18.74,18.39,18.51,19900,0.008511,0.33%,2.625,,
124,07/04/97,,,,18.45,0,,0.00%,2.6165,,
125,07/03/97,18.39,18.51,18.39,18.45,15900,-0.008511,-0.32%,2.6165,,
126,07/02/97,18.27,18.51,18.27,18.51,30400,0.034038,1.31%,2.625,,
127,07/01/97,19.10,19.10,18.27,18.27,90100,-0.083671,-3.13%,2.591,,
128,06/30/97,17.92,19.10,17.92,18.86,220700,0.133305,5.25%,2.6747,,
129,06/27/97,18.51,18.51,17.80,17.92,83000,-0.066656,-2.56%,2.5414,,
130,06/26/97,18.39,18.74,18.15,18.39,105600,0.017022,0.66%,2.608,,
131,06/25/97,18.27,18.51,18.15,18.27,45200,0.017021,0.66%,2.591,,
132,06/24/97,18.39,18.39,18.04,18.15,68500,-0.034043,-1.31%,2.574,,
133,06/23/97,17.92,18.39,17.92,18.39,55400,0.04964,1.94%,2.608,,
134,06/20/97,17.68,18.27,17.68,18.04,110000,0.051055,2.04%,2.5584,,
135,06/19/97,17.57,17.80,17.21,17.68,192400,0.049634,2.02%,2.5073,,
136,06/18/97,17.57,17.57,17.21,17.33,55700,-0.02553,-1.03%,2.4577,,
137,06/17/97,17.45,17.57,17.33,17.51,41500,0.00,0.00%,2.4832,,
138,06/16/97,16.86,17.80,16.86,17.51,151200,0.092184,3.86%,2.4832,,
139,06/13/97,16.98,17.09,16.86,16.86,6400,-0.032619,-1.35%,2.391,,
140,06/12/97,16.74,17.09,16.74,17.09,13800,0.032619,1.36%,2.4236,,
141,06/11/97,17.03,17.09,16.74,16.86,7800,0.00,0.00%,2.391,,
142,06/10/97,16.98,17.09,16.74,16.86,38800,-0.049638,-2.03%,2.391,,
143,06/09/97,16.98,17.21,16.98,17.21,42200,0.049638,2.08%,2.4407,,
144,06/06/97,16.74,17.09,16.74,16.86,30700,0.034034,1.44%,2.391,,
145,06/05/97,16.50,16.86,16.50,16.62,63100,0.03262,1.40%,2.357,,
146,06/04/97,16.27,16.56,16.27,16.39,9800,-0.015596,-0.67%,2.3244,,
147,06/03/97,16.27,16.50,16.27,16.50,14200,0.00,0.00%,2.34,,
148,06/02/97,16.62,16.62,16.27,16.50,24600,0.015596,0.67%,2.34,,
149,05/30/97,16.39,16.62,16.15,16.39,49600,-0.015596,-0.67%,2.3244,,
150,05/29/97,16.50,16.62,16.50,16.50,11500,0.007087,0.30%,2.34,,
1,05/28/97,16.56,16.56,16.39,16.45,50600,-0.024111,-1.02%,2.3329,,
2,05/27/97,16.39,16.62,16.27,16.62,51000,0.008509,0.36%,2.357,,
3,05/26/97,,,,16.56,0,,0.00%,2.3485,,
4,05/23/97,16.27,16.56,16.03,16.56,67200,0.04113,1.78%,2.3485,,
5,05/22/97,16.27,16.50,16.15,16.27,21300,0.00,0.00%,2.3074,,
6,05/21/97,16.15,16.50,16.15,16.27,29400,0.00,0.00%,2.3074,,
7,05/20/97,16.15,16.27,16.03,16.27,17900,0.03403,1.50%,2.3074,,
8,05/19/97,15.91,16.27,15.91,16.03,23300,0.017024,0.75%,2.2733,,
9,05/16/97,16.03,16.03,15.91,15.91,7800,-0.017024,-0.75%,2.2563,,
10,05/15/97,16.27,16.27,16.03,16.03,28700,-0.017012,-0.74%,2.2733,,
11,05/14/97,16.27,16.27,16.03,16.15,17900,-0.02553,-1.10%,2.2903,,
12,05/13/97,16.39,16.39,16.15,16.33,34100,0.02553,1.11%,2.3159,,
13,05/12/97,16.33,16.50,16.15,16.15,21600,-0.049633,-2.12%,2.2903,,
14,05/09/97,16.39,16.50,16.15,16.50,13800,0.024103,1.04%,2.34,,
15,05/08/97,16.27,16.39,16.03,16.33,75300,0.008512,0.37%,2.3159,,
16,05/07/97,16.39,16.39,16.03,16.27,45600,0.00,0.00%,2.3074,,
17,05/06/97,16.50,16.50,16.15,16.27,81300,-0.032615,-1.39%,2.3074,,
18,05/05/97,16.86,16.86,16.50,16.50,113400,-0.017024,-0.72%,2.34,,
19,05/02/97,16.62,16.86,16.62,16.62,40200,0.00,0.00%,2.357,,
20,05/01/97,16.86,16.86,16.62,16.62,277400,-0.008506,-0.36%,2.357,,
21,04/30/97,16.62,16.68,16.62,16.68,4000,-0.008512,-0.36%,2.3655,,
22,04/29/97,16.74,16.86,16.74,16.74,7800,0.008512,0.36%,2.374,,
23,04/28/97,16.50,16.74,16.27,16.68,35800,0.049633,2.14%,2.3655,,
24,04/25/97,16.74,16.86,16.27,16.33,67200,-0.075161,-3.14%,2.3159,,
25,04/24/97,17.09,17.21,16.86,16.86,43500,-0.049638,-2.03%,2.391,,
26,04/23/97,17.09,17.21,16.86,17.21,33800,0.049638,2.08%,2.4407,,
27,04/22/97,16.62,17.03,16.62,16.86,67500,0.017016,0.72%,2.391,,
28,04/21/97,16.50,16.80,16.50,16.74,85700,0.049638,2.14%,2.374,,
29,04/18/97,16.03,16.50,16.03,16.39,86700,0.034037,1.49%,2.3244,,
30,04/17/97,15.80,16.15,15.68,16.15,55700,0.034036,1.51%,2.2903,,
31,04/16/97,15.44,15.91,15.44,15.91,76600,0.032613,1.47%,2.2563,,
32,04/15/97,15.80,15.91,15.44,15.68,88800,-0.017016,-0.76%,2.2237,,
33,04/14/97,15.91,16.15,15.56,15.80,405300,-0.049633,-2.17%,2.2407,,
34,04/11/97,16.27,16.39,15.80,16.15,290200,-0.042546,-1.82%,2.2903,,
35,04/10/97,16.74,16.98,16.27,16.45,133300,-0.058145,-2.43%,2.3329,,
36,04/09/97,16.95,16.98,16.74,16.86,11500,0.00,0.00%,2.391,,
37,04/08/97,16.98,17.09,16.74,16.86,31000,0.017016,0.72%,2.391,,
38,04/07/97,16.86,17.09,16.62,16.74,162700,-0.034035,-1.41%,2.374,,
39,04/04/97,16.86,16.98,16.74,16.98,95500,-0.0156,-0.64%,2.408,,
40,04/03/97,17.21,17.21,16.86,17.09,261900,-0.034035,-1.38%,2.4236,,
41,04/02/97,17.57,17.68,17.33,17.33,496500,-0.049634,-1.98%,2.4577,,
42,04/01/97,17.45,17.68,17.45,17.68,351300,0.00,0.00%,2.5073,,
43,03/31/97,17.86,18.04,17.45,17.68,695600,0.00,0.00%,2.5073,,
44,03/28/97,,,,17.68,0,,0.00%,2.5073,,
45,03/27/97,17.92,18.04,17.68,17.68,197400,-0.034039,-1.34%,2.5073,,
46,03/26/97,17.57,18.04,17.57,17.92,128200,0.034039,1.36%,2.5414,,
47,03/25/97,17.21,17.80,17.21,17.68,74600,0.041124,1.67%,2.5073,,
48,03/24/97,17.33,17.45,17.21,17.39,80000,0.025526,1.05%,2.4662,,
49,03/21/97,17.33,17.45,17.09,17.21,143800,0.017019,0.70%,2.4407,,
50,03/20/97,17.33,17.33,17.09,17.09,239600,0.00,0.00%,2.4236,,
51,03/19/97,17.21,17.33,17.09,17.09,312500,-0.017019,-0.70%,2.4236,,
52,03/18/97,17.09,17.33,17.09,17.21,60100,0.008512,0.35%,2.4407,,
53,03/17/97,17.21,17.33,16.98,17.15,724300,-0.008512,-0.35%,2.4322,,
54,03/14/97,17.45,17.68,17.21,17.21,90100,-0.042546,-1.71%,2.4407,,
55,03/13/97,17.68,17.68,17.45,17.51,276100,-0.024104,-0.96%,2.4832,,
56,03/12/97,18.51,18.51,17.62,17.68,2808700,-0.117711,-4.48%,2.5073,,
57,03/11/97,18.04,18.51,17.92,18.51,381000,0.083672,3.29%,2.625,,
58,03/10/97,17.80,18.04,17.68,17.92,72200,0.034039,1.36%,2.5414,,
59,03/07/97,17.57,17.80,17.57,17.68,60100,0.015594,0.63%,2.5073,,
60,03/06/97,17.57,17.80,17.57,17.57,10100,-0.032615,-1.29%,2.4917,,
61,03/05/97,17.80,17.80,17.57,17.80,106300,0.017021,0.68%,2.5243,,
62,03/04/97,17.92,17.92,17.68,17.68,111000,-0.034039,-1.34%,2.5073,,
63,03/03/97,17.39,17.92,17.21,17.92,494800,0.066653,2.69%,2.5414,,
64,02/28/97,17.21,17.45,17.21,17.45,85400,0.034036,1.39%,2.4747,,
65,02/27/97,17.33,17.45,17.21,17.21,153900,-0.017016,-0.69%,2.4407,,
66,02/26/97,17.45,17.57,17.27,17.33,215700,-0.01702,-0.69%,2.4577,,
67,02/25/97,17.45,17.45,17.21,17.45,248400,0.025526,1.04%,2.4747,,
68,02/24/97,17.21,17.33,17.09,17.27,70500,0.00851,0.35%,2.4492,,
69,02/21/97,17.09,17.33,17.09,17.21,52000,-0.017016,-0.69%,2.4407,,
70,02/20/97,17.33,17.33,17.09,17.33,107300,0.017016,0.70%,2.4577,,
71,02/19/97,17.21,17.45,17.09,17.21,316900,0.00,0.00%,2.4407,,
72,02/18/97,17.21,17.45,16.98,17.21,313500,0.00,0.00%,2.4407,,
73,02/17/97,,,,17.21,0,,0.00%,2.4407,,
74,02/14/97,17.09,17.33,16.98,17.21,141400,0.017019,0.70%,2.4407,,
75,02/13/97,16.62,17.09,16.50,17.09,230200,0.083677,3.58%,2.4236,,
76,02/12/97,16.15,16.62,16.15,16.50,141400,0.041121,1.79%,2.34,,
77,02/11/97,16.39,16.50,16.15,16.21,304100,0.025524,1.12%,2.2988,,
78,02/10/97,15.80,16.15,15.80,16.03,200500,0.049637,2.23%,2.2733,,
79,02/07/97,15.68,15.80,15.56,15.68,209600,0.00,0.00%,2.2237,,
80,02/06/97,15.68,15.68,15.56,15.68,62800,0.01702,0.77%,2.2237,,
81,02/05/97,15.80,15.80,15.56,15.56,36100,-0.01702,-0.77%,2.2067,,
82,02/04/97,15.68,15.68,15.56,15.68,80700,0.00,0.00%,2.2237,,
83,02/03/97,15.80,15.80,15.56,15.68,14500,-0.017016,-0.76%,2.2237,,
84,01/31/97,15.68,15.80,15.62,15.80,40800,0.017016,0.77%,2.2407,,
85,01/30/97,15.80,15.80,15.68,15.68,17900,-0.017016,-0.76%,2.2237,,
86,01/29/97,15.68,15.80,15.56,15.80,17900,0.034036,1.54%,2.2407,,
87,01/28/97,15.80,15.80,15.56,15.56,42200,-0.008509,-0.38%,2.2067,,
88,01/27/97,15.44,15.68,15.33,15.62,51600,0.008509,0.39%,2.2152,,
89,01/24/97,15.56,15.56,15.33,15.56,79300,0.00,0.00%,2.2067,,
90,01/23/97,15.80,16.03,15.56,15.56,90100,-0.034036,-1.52%,2.2067,,
91,01/22/97,16.03,16.03,15.80,15.80,21900,-0.032621,-1.43%,2.2407,,
92,01/21/97,16.03,16.03,15.91,16.03,174500,0.032621,1.46%,2.2733,,
93,01/20/97,16.03,16.03,15.68,15.80,277400,-0.024108,-1.06%,2.2407,,
94,01/17/97,15.56,16.33,15.44,15.97,563600,0.07516,3.43%,2.2648,,
95,01/16/97,14.97,15.56,14.97,15.44,122500,0.052476,2.46%,2.1896,,
96,01/15/97,14.97,15.09,14.97,15.07,114400,-0.019855,-0.92%,2.1372,,
97,01/14/97,14.50,15.21,14.50,15.21,115800,0.08367,4.04%,2.157,,
98,01/13/97,14.38,14.62,14.26,14.62,212000,0.034036,1.67%,2.0734,,
99,01/10/97,14.15,14.38,14.03,14.38,286500,0.049636,2.49%,2.0393,,
100,01/09/97,14.26,14.26,14.03,14.03,33400,-0.017019,-0.85%,1.9897,,
101,01/08/97,14.03,14.26,14.03,14.15,404700,0.008513,0.43%,2.0067,,
102,01/07/97,14.15,14.15,13.79,14.09,74900,0.008506,0.43%,1.9982,,
103,01/06/97,13.91,14.03,13.67,14.03,97500,0.051055,2.63%,1.9897,,
104,01/03/97,13.56,13.91,13.56,13.67,47900,0.00,0.00%,1.9386,,
105,01/02/97,13.67,13.79,13.44,13.67,71900,-0.034036,-1.73%,1.9386,,
106,01/01/97,,,,13.91,0,,0.00%,1.9727,,
107,12/31/96,13.91,13.91,13.67,13.91,118500,0.034036,1.76%,1.9727,,
108,12/30/96,13.79,13.91,13.67,13.67,25300,0.024113,1.26%,1.9386,,
109,12/27/96,13.56,13.67,13.50,13.50,16500,-0.024113,-1.24%,1.9145,,
110,12/26/96,13.67,13.79,13.56,13.67,36800,0.00,0.00%,1.9386,,
111,12/25/96,,,,13.67,0,,0.00%,1.9386,,
112,12/24/96,13.79,14.03,13.67,13.67,17200,-0.034036,-1.73%,1.9386,,
113,12/23/96,13.91,14.15,13.79,13.91,66200,0.00,0.00%,1.9727,,
114,12/20/96,13.91,14.15,13.91,13.91,15200,-0.017019,-0.86%,1.9727,,
115,12/19/96,14.15,14.15,13.91,14.03,121500,0.00,0.00%,1.9897,,
116,12/18/96,14.03,14.15,13.91,14.03,213600,0.00,0.00%,1.9897,,
117,12/17/96,13.91,14.15,13.79,14.03,264600,-0.032617,-1.61%,1.9897,,
118,12/16/96,13.91,14.26,13.91,14.26,383700,0.032617,1.64%,2.0223,,
119,12/13/96,13.44,14.03,13.44,14.03,90800,0.066653,3.47%,1.9897,,
120,12/12/96,13.56,13.67,13.44,13.56,65800,0.00,0.00%,1.923,,
121,12/11/96,13.56,13.67,13.44,13.56,133600,-0.015598,-0.80%,1.923,,
122,12/10/96,13.67,13.91,13.67,13.67,41800,-0.017019,-0.87%,1.9386,,
123,12/09/96,13.67,13.91,13.67,13.79,17200,0.017019,0.88%,1.9557,,
124,12/06/96,13.20,13.67,13.09,13.67,155900,0.00,0.00%,1.9386,,
125,12/05/96,14.15,14.15,13.67,13.67,147200,-0.051055,-2.57%,1.9386,,
126,12/04/96,14.15,14.26,14.03,14.03,83400,0.00,0.00%,1.9897,,
127,12/03/96,13.44,14.26,13.32,14.03,162700,0.100693,5.33%,1.9897,,
128,12/02/96,13.32,13.32,13.20,13.32,98200,0.008507,0.45%,1.889,,
129,11/29/96,13.20,13.32,13.20,13.26,73200,-0.008507,-0.45%,1.8805,,
130,11/28/96,,,,13.32,0,,0.00%,1.889,,
131,11/27/96,13.20,13.32,13.20,13.32,105600,0.008507,0.45%,1.889,,
132,11/26/96,13.32,13.32,13.20,13.26,92100,0.00851,0.45%,1.8805,,
133,11/25/96,13.20,13.32,13.20,13.20,74900,-0.00851,-0.45%,1.872,,
134,11/22/96,13.32,13.32,13.20,13.26,38500,-0.008507,-0.45%,1.8805,,
135,11/21/96,13.20,13.32,13.20,13.32,100900,0.008507,0.45%,1.889,,
136,11/20/96,13.32,13.32,13.20,13.26,267600,-0.008507,-0.45%,1.8805,,
137,11/19/96,13.20,13.32,13.20,13.32,107700,0.00,0.00%,1.889,,
138,11/18/96,13.26,13.44,13.20,13.32,123200,0.00,0.00%,1.889,,
139,11/15/96,13.20,13.44,13.20,13.32,210300,0.017017,0.91%,1.889,,
140,11/14/96,13.32,13.44,13.09,13.20,129300,-0.017017,-0.90%,1.872,,
141,11/13/96,13.09,13.32,13.09,13.32,160600,0.017017,0.91%,1.889,,
142,11/12/96,13.20,13.32,13.09,13.20,174500,0.015597,0.84%,1.872,,
143,11/11/96,13.20,13.32,12.97,13.09,210300,-0.015597,-0.83%,1.8564,,
144,11/08/96,13.09,13.32,13.09,13.20,566700,0.015597,0.84%,1.872,,
145,11/07/96,12.73,13.09,12.73,13.09,271700,0.025529,1.39%,1.8564,,
146,11/06/96,12.73,12.97,12.73,12.91,128900,0.008506,0.47%,1.8309,,
147,11/05/96,12.73,12.97,12.50,12.85,248700,0.04964,2.80%,1.8223,,
148,11/04/96,12.73,12.73,12.50,12.50,40800,-0.015602,-0.87%,1.7727,,
149,11/01/96,12.94,12.94,12.61,12.61,49600,-0.034038,-1.87%,1.7883,,
150,10/31/96,12.85,12.97,12.61,12.85,213600,0.034038,1.90%,1.8223,,
1,10/30/96,12.73,12.85,12.61,12.61,79000,0.00,0.00%,1.7883,,
2,10/29/96,12.79,12.85,12.61,12.61,111000,0.00,0.00%,1.7883,,
3,10/28/96,12.73,12.73,12.61,12.61,69200,-0.017019,-0.94%,1.7883,,
4,10/25/96,12.61,12.85,12.61,12.73,15900,0.00,0.00%,1.8053,,
5,10/24/96,13.09,13.09,12.61,12.73,35100,-0.051054,-2.75%,1.8053,,
6,10/23/96,12.85,13.20,12.73,13.09,45200,0.017021,0.93%,1.8564,,
7,10/22/96,12.97,13.20,12.85,12.97,46900,-0.017021,-0.92%,1.8394,,
8,10/21/96,12.97,13.20,12.85,13.09,119100,0.017021,0.93%,1.8564,,
9,10/18/96,12.97,13.09,12.73,12.97,111000,0.017014,0.93%,1.8394,,
10,10/17/96,12.97,12.97,12.85,12.85,76300,0.00,0.00%,1.8223,,
11,10/16/96,13.09,13.09,12.85,12.85,18600,0.00,0.00%,1.8223,,
12,10/15/96,13.09,13.20,12.85,12.85,31700,-0.017014,-0.92%,1.8223,,
13,10/14/96,12.97,12.97,12.73,12.97,31400,0.008508,0.46%,1.8394,,
14,10/11/96,12.97,12.97,12.85,12.91,36100,-0.008508,-0.46%,1.8309,,
15,10/10/96,12.73,12.97,12.73,12.97,58700,0.034033,1.89%,1.8394,,
16,10/09/96,12.85,12.85,12.67,12.73,58400,0.017019,0.95%,1.8053,,
17,10/08/96,12.73,12.97,12.61,12.61,41500,-0.034038,-1.87%,1.7883,,
18,10/07/96,12.97,13.09,12.85,12.85,40200,-0.017014,-0.92%,1.8223,,
19,10/04/96,12.97,13.20,12.97,12.97,38800,0.00,0.00%,1.8394,,
20,10/03/96,13.20,13.20,12.85,12.97,68200,0.00,0.00%,1.8394,,
21,10/02/96,12.97,13.20,12.97,12.97,26700,-0.017021,-0.92%,1.8394,,
22,10/01/96,12.97,13.20,12.85,13.09,169800,0.017021,0.93%,1.8564,,
23,09/30/96,12.73,12.97,12.50,12.97,168100,0.034033,1.89%,1.8394,,
24,09/27/96,12.73,12.73,12.50,12.73,68500,0.017019,0.95%,1.8053,,
25,09/26/96,12.85,12.85,12.50,12.61,104600,-0.034038,-1.87%,1.7883,,
26,09/25/96,12.85,12.85,12.61,12.85,42900,0.00,0.00%,1.8223,,
27,09/24/96,12.73,12.97,12.73,12.85,56000,0.00,0.00%,1.8223,,
28,09/23/96,12.73,12.97,12.73,12.85,36100,0.00,0.00%,1.8223,,
29,09/20/96,13.09,13.09,12.85,12.85,31700,0.00,0.00%,1.8223,,
30,09/19/96,13.09,13.09,12.85,12.85,28400,-0.034035,-1.83%,1.8223,,
31,09/18/96,13.09,13.32,12.85,13.09,79300,-0.015597,-0.83%,1.8564,,
32,09/17/96,13.20,13.32,13.09,13.20,123200,0.00,0.00%,1.872,,
33,09/16/96,12.97,13.32,12.85,13.20,156900,0.032618,1.77%,1.872,,
34,09/13/96,12.97,12.97,12.73,12.97,25300,0.051052,2.85%,1.8394,,
35,09/12/96,12.50,12.73,12.50,12.61,184300,0.015602,0.88%,1.7883,,
36,09/11/96,12.61,12.85,12.50,12.50,31700,-0.032621,-1.81%,1.7727,,
37,09/10/96,12.73,12.97,12.73,12.73,131300,0.00,0.00%,1.8053,,
38,09/09/96,12.73,12.73,12.50,12.73,94800,0.00,0.00%,1.8053,,
39,09/06/96,12.50,12.73,12.50,12.73,26000,0.032621,1.84%,1.8053,,
40,09/05/96,12.97,12.97,12.50,12.50,196100,-0.066654,-3.62%,1.7727,,
41,09/04/96,12.73,12.97,12.50,12.97,219000,0.034033,1.89%,1.8394,,
42,09/03/96,12.73,12.73,12.38,12.73,57000,0.017019,0.95%,1.8053,,
43,09/02/96,,,,12.61,0,,0.00%,1.7883,,
44,08/30/96,12.73,12.85,12.61,12.61,170800,-0.017019,-0.94%,1.7883,,
45,08/29/96,12.50,12.73,12.38,12.73,297000,0.00,0.00%,1.8053,,
46,08/28/96,12.50,12.73,12.38,12.73,294000,0.032621,1.84%,1.8053,,
47,08/27/96,12.02,12.50,12.02,12.50,285200,0.051052,2.97%,1.7727,,
48,08/26/96,12.02,12.38,12.02,12.14,34800,0.00,0.00%,1.7217,,
49,08/23/96,12.26,12.26,12.02,12.14,66500,0.014183,0.83%,1.7217,,
50,08/22/96,12.26,12.26,12.02,12.04,207600,-0.014183,-0.82%,1.7075,,
51,08/21/96,12.02,12.26,12.02,12.14,55400,0.017017,1.00%,1.7217,,
52,08/20/96,12.26,12.26,12.02,12.02,152200,-0.017017,-0.99%,1.7046,,
53,08/19/96,12.38,12.38,12.02,12.14,58400,0.00,0.00%,1.7217,,
54,08/16/96,12.02,12.38,12.02,12.14,137000,0.017017,1.00%,1.7217,,
55,08/15/96,11.97,12.02,11.79,12.02,63800,0.03262,1.95%,1.7046,,
56,08/14/96,11.79,11.91,11.55,11.79,138700,0.025526,1.55%,1.672,,
57,08/13/96,11.91,11.91,11.55,11.61,180600,-0.042548,-2.52%,1.6465,,
58,08/12/96,11.91,11.91,11.67,11.91,104300,0.017022,1.02%,1.689,,
59,08/09/96,11.79,12.02,11.79,11.79,34100,-0.017022,-1.01%,1.672,,
60,08/08/96,11.67,12.02,11.67,11.91,148200,0.017022,1.02%,1.689,,
61,08/07/96,11.67,11.91,11.67,11.79,731000,0.00,0.00%,1.672,,
62,08/06/96,11.32,11.79,11.32,11.79,449200,0.042543,2.61%,1.672,,
63,08/05/96,11.44,11.49,11.32,11.49,882600,0.007092,0.44%,1.6295,,
64,08/02/96,11.32,11.44,11.20,11.44,897400,0.025528,1.60%,1.6224,,
65,08/01/96,11.20,11.32,11.20,11.26,549100,-0.00851,-0.53%,1.5969,,
66,07/31/96,11.32,11.32,11.20,11.32,174800,0.00,0.00%,1.6054,,
67,07/30/96,11.32,11.44,11.29,11.32,177900,-0.017018,-1.05%,1.6054,,
68,07/29/96,11.44,11.44,11.32,11.44,170400,0.034034,2.14%,1.6224,,
69,07/26/96,11.32,11.32,11.20,11.20,447200,-0.017016,-1.06%,1.5883,,
70,07/25/96,11.26,11.32,11.20,11.32,55000,0.017016,1.07%,1.6054,,
71,07/24/96,11.20,11.32,11.20,11.20,555900,0.00,0.00%,1.5883,,
72,07/23/96,11.32,11.32,11.20,11.20,116400,0.00,0.00%,1.5883,,
73,07/22/96,11.44,11.44,11.20,11.20,215700,-0.012764,-0.80%,1.5883,,
74,07/19/96,11.32,11.32,11.20,11.29,331800,-0.004252,-0.26%,1.6011,,
75,07/18/96,11.32,11.32,11.20,11.32,168100,0.017016,1.07%,1.6054,,
76,07/17/96,11.20,11.32,11.08,11.20,335100,0.017019,1.08%,1.5883,,
77,07/16/96,10.96,11.20,10.85,11.08,925400,0.00,0.00%,1.5713,,
78,07/15/96,11.20,11.20,10.85,11.08,401600,0.00,0.00%,1.5713,,
79,07/12/96,11.08,11.08,10.96,11.08,242700,0.00,0.00%,1.5713,,
80,07/11/96,11.32,11.32,10.96,11.08,644000,-0.034035,-2.12%,1.5713,,
81,07/10/96,11.32,11.55,11.20,11.32,929100,-0.017018,-1.05%,1.6054,,
82,07/09/96,11.44,11.55,11.32,11.44,223800,0.017018,1.06%,1.6224,,
83,07/08/96,11.32,11.55,11.08,11.32,692200,0.00,0.00%,1.6054,,
84,07/05/96,11.32,11.44,11.08,11.32,434400,0.00,0.00%,1.6054,,
85,07/04/96,,,,11.32,0,,0.00%,1.6054,,
86,07/03/96,11.20,11.44,11.08,11.32,2641600,0.034035,2.17%,1.6054,,
87,07/02/96,11.20,11.20,11.08,11.08,1226500,-0.008508,-0.54%,1.5713,,
88,07/01/96,11.20,11.20,11.08,11.14,1093200,0.008508,0.54%,1.5798,,
89,06/28/96,11.08,11.20,11.08,11.08,1869800,-0.008508,-0.54%,1.5713,,
90,06/27/96,10.96,11.20,10.96,11.14,2784400,0.017017,1.09%,1.5798,,
91,06/26/96,11.32,11.32,10.85,11.02,8881300,1.5628,0.00%,1.5628,,
